Slice	X	Y	AREA
0	0	0	NP
1	69	82	157
2	54	88	167
3	56	89	158
4	59	88	147
5	62	88	152
6	62	89	147
7	65	88	172
8	73	89	164
9	74	89	139
10	73	87	148
11	73	84	160
12	72	77	177
13	69	68	123
14	62	54	50
15	67	43	119
16	65	39	142
17	63	32	168
18	62	28	170
19	62	28	164
20	66	32	102
21	65	30	164
22	64	29	158
23	64	28	147
24	61	23	177
25	61	20	161
26	60	23	160
27	58	21	139
28	59	22	145
29	58	22	126
30	62	23	142
31	64	23	141
32	65	24	120
33	68	24	111
34	64	23	163
35	57	19	143
36	56	19	144
37	57	19	131
38	56	19	121
39	55	20	87
40	43	20	119
41	37	19	116
42	35	21	100
43	35	20	92
44	36	21	102
45	32	19	63
46	24	15	105
47	19	14	95
48	19	13	85
49	27	14	36
50	33	16	113
51	38	16	144
52	41	14	137
53	41	15	123
54	42	17	119
55	43	16	86
56	44	19	91
57	43	16	40
57	44	22	33	f
58	44	20	75
59	44	20	NP
60	43	16	99
61	41	15	119
62	39	18	131
63	37	18	124
64	32	22	89
65	18	35	54
65	23	26	33	f
66	16	38	149
67	17	42	162
68	20	50	173
69	21	64	175
70	24	81	170
71	25	83	160
72	27	84	121
73	27	83	118
74	28	83	111
74	41	89	37	f
75	29	84	96
75	41	86	45	f
76	43	86	89
76	32	85	52	f
77	40	84	159
78	42	86	77
78	32	86	47	f
79	42	89	94
79	32	86	49	f
80	45	90	154
81	55	91	153
82	60	92	151
83	59	91	144
84	60	92	159
85	60	91	155
86	59	91	161
87	64	85	164
88	68	78	165
89	67	74	175
90	68	74	158
91	69	78	143
92	64	83	181
93	59	87	174
94	59	87	177
95	60	87	160
96	61	87	150
97	61	88	155
98	60	86	158
99	55	89	171
100	52	90	151
101	50	88	177
102	49	87	162
103	48	86	133
104	47	86	106
105	47	86	94
106	47	86	94
107	47	87	115
108	46	89	140
109	48	88	138
110	54	89	154
111	54	89	156
112	55	89	161
113	55	87	138
114	55	87	160
115	57	85	177
116	64	78	182
117	67	70	154
118	68	56	42
118	68	63	36	f
119	66	41	108
120	64	34	151
121	64	27	151
122	61	24	150
123	59	21	139
124	56	19	90
125	44	16	157
126	35	15	155
127	38	17	148
128	38	17	132
129	35	16	148
130	28	15	132
131	24	14	131
132	24	15	102
133	24	14	89
134	26	15	102
135	30	17	97
136	35	15	138
137	39	14	152
138	41	14	115
139	42	14	105
140	40	15	112
141	39	13	98
142	39	18	113
143	38	18	150
144	28	14	141
145	21	13	152
146	23	13	104
147	22	13	65
148	22	13	NP
149	13	26	33
150	15	25	33
151	15	25	NP
152	15	25	NP
153	34	19	119
154	40	16	126
155	38	17	136
156	36	16	136
157	33	17	141
158	31	16	131
159	28	16	121
160	25	15	125
161	20	14	105
162	27	14	123
163	30	14	93
164	30	17	56
165	20	37	89
166	19	41	146
167	21	43	158
168	20	42	128
169	16	47	176
170	17	53	175
171	20	64	182
172	22	75	174
173	26	82	155
174	28	84	135
175	28	84	120
176	27	83	98
176	40	86	34	f
177	28	83	98
177	40	87	45	f
178	29	84	98
178	42	86	50	f
179	45	86	118
180	48	84	169
181	52	84	184
182	58	83	189
183	65	79	192
184	66	73	169
185	65	71	166
186	66	72	170
187	68	71	192
188	68	71	164
189	68	71	153
190	68	68	122
191	67	55	48
191	62	51	45	f
192	65	42	137
193	65	32	131
194	62	26	159
195	62	27	144
196	66	29	72
196	59	24	61	f
197	61	20	162
198	60	17	147
199	62	18	166
200	69	14	153
201	72	13	137
202	81	13	161
203	90	15	153
204	91	15	164
205	91	14	155
206	99	15	171
207	106	13	181
208	114	15	173
209	116	15	185
210	112	17	172
211	113	21	160
212	114	24	173
213	115	28	148
214	119	32	168
215	119	41	179
216	117	50	174
217	116	51	170
218	118	51	174
219	119	51	170
220	124	68	185
221	122	80	184
222	121	84	176
223	116	86	178
224	106	89	158
225	103	89	134
226	101	89	116
227	94	87	157
228	90	86	149
229	85	88	152
230	76	90	172
231	61	91	179
232	53	91	177
233	52	89	176
234	50	87	183
235	51	88	175
236	52	92	168
237	55	90	148
238	59	90	134
239	60	89	136
240	63	90	158
241	63	88	159
242	64	87	165
243	68	88	162
244	73	87	166
245	82	85	163
246	82	86	174
247	84	86	163
248	83	86	151
249	80	84	149
250	77	85	119
251	73	82	160
252	71	80	185
253	69	70	140
254	66	64	68
254	62	53	45	f
255	62	51	59
255	67	53	53	f
256	64	39	143
257	63	34	154
258	66	29	85
258	59	22	59	f
259	61	23	162
260	56	21	103
261	47	17	134
262	38	18	124
263	35	15	152
264	35	16	130
265	31	20	36
266	31	20	NP
267	31	20	NP
268	31	20	NP
269	31	19	31
270	30	18	35
271	19	34	34
272	18	38	115
273	19	40	142
274	21	45	147
275	20	46	142
276	19	45	136
277	16	49	192
278	15	54	178
279	16	63	173
280	20	74	175
281	24	81	178
282	28	83	128
283	28	84	113
284	28	84	98
285	31	86	73
285	42	89	71	f
286	44	91	147
287	40	88	147
288	44	86	143
289	49	85	177
290	54	84	190
291	65	80	183
292	67	82	163
293	73	83	180
294	82	85	162
295	84	85	154
296	84	84	156
297	84	85	147
298	83	85	143
299	84	87	173
300	84	88	155
301	84	88	152
302	81	86	141
303	81	84	152
304	82	84	166
305	81	85	147
306	77	86	142
307	75	84	180
308	71	76	163
309	68	70	138
310	66	65	86
311	67	42	92
312	67	35	112
313	66	32	108
314	64	30	156
315	64	28	146
316	64	25	126
317	61	20	140
318	58	19	140
319	55	17	108
320	47	17	122
321	40	20	127
322	34	20	95
323	34	19	94
324	33	20	89
325	34	20	102
326	32	17	144
327	30	16	148
328	32	18	122
329	36	19	127
330	40	17	127
331	41	15	102
332	51	13	157
333	52	14	154
334	55	15	146
335	58	15	149
336	61	14	178
337	68	13	168
338	71	13	153
339	69	14	160
340	70	18	152
341	71	19	165
342	71	21	155
343	73	30	157
344	72	42	140
345	71	48	127
346	70	50	114
347	69	50	112
348	69	50	119
349	70	51	122
350	70	49	110
351	70	48	129
352	71	46	118
353	71	45	121
354	71	43	118
355	72	43	116
356	72	43	115
357	71	42	108
358	71	42	114
359	71	42	121
360	71	42	108
361	71	41	114
362	71	42	116
363	71	42	122
364	71	42	120
365	71	42	124
366	71	42	128
367	71	42	127
368	70	45	141
369	70	49	119
370	70	48	141
371	70	46	97
372	71	48	115
373	71	46	103
374	70	47	98
375	69	49	93
375	61	55	35	f
376	70	50	84
377	69	49	83
378	69	48	106
379	68	42	133
380	67	32	166
381	64	25	168
382	57	20	111
383	43	17	112
384	34	15	142
385	35	15	126
386	36	16	117
387	37	16	113
388	37	16	122
389	36	16	117
390	36	16	120
391	36	16	128
392	36	17	106
393	34	17	98
394	31	17	64
395	31	17	NP
396	17	26	35
397	17	26	NP
398	17	26	NP
399	17	26	NP
400	15	34	45
401	15	34	NP
402	15	34	NP
403	15	34	NP
404	15	34	NP
405	20	33	30
406	19	34	62
406	19	26	31	f
407	19	35	71
407	18	26	31	f
408	20	35	76
409	18	34	65
409	17	26	34	f
410	18	34	67
410	17	26	36	f
411	17	26	41
412	17	26	NP
413	17	26	NP
414	17	26	NP
415	17	26	NP
416	17	26	NP
417	16	26	47
417	18	32	44	f
418	18	32	44
418	16	25	36	f
419	16	26	43
420	17	25	36
421	16	25	32
422	18	32	44
423	18	33	56
423	16	26	36	f
424	17	34	68
424	16	26	37	f
425	15	35	95
425	17	26	36	f
426	15	37	130
427	14	37	145
428	15	37	146
429	15	38	153
430	18	43	164
431	20	56	165
432	21	68	170
433	23	79	175
434	24	84	157
435	21	87	165
436	19	89	177
437	18	89	184
438	19	89	177
439	18	89	189
440	20	88	177
441	22	85	153
442	25	87	148
443	29	89	85
443	40	87	42	f
444	42	87	79
444	32	89	63	f
445	45	89	151
446	53	89	179
447	64	80	179
448	68	78	174
449	67	78	173
450	66	78	164
451	65	73	173
452	65	72	171
453	66	72	174
454	68	70	188
455	68	71	192
456	68	70	193
457	68	70	195
458	67	71	179
459	66	71	163
460	66	71	163
461	67	70	170
462	67	70	183
463	67	70	177
464	67	72	152
465	66	72	159
466	66	72	156
467	67	72	155
468	66	72	161
469	67	71	148
470	65	67	129
471	66	64	60
471	62	53	43	f
472	61	49	85
472	66	48	33	f
473	63	37	139
474	61	25	152
475	61	24	162
476	60	23	153
477	61	24	158
478	60	23	156
479	54	18	70
479	43	17	44	f
480	41	19	119
481	37	19	137
482	33	21	104
483	29	21	56
484	23	26	41
485	23	26	NP
486	19	25	33
486	11	14	32	f
487	12	12	56
487	19	25	34	f
488	12	12	55
489	12	12	NP
490	12	12	NP
491	12	12	NP
492	12	12	NP
493	21	26	35
494	21	26	NP
495	21	26	NP
496	21	26	NP
497	21	26	NP
498	18	12	31
499	17	12	39
500	14	12	53
501	13	12	59
502	13	14	39
503	13	14	NP
504	12	14	39
505	19	12	36
506	24	13	53
507	30	14	125
508	32	15	142
509	32	15	145
510	32	15	141
511	32	16	135
512	36	18	128
513	42	21	123
514	41	21	108
515	42	22	80
516	44	19	119
517	44	19	118
518	44	19	135
519	43	18	125
520	43	18	121
521	42	18	120
522	41	18	139
523	40	18	144
524	40	18	146
525	40	18	153
526	41	18	134
527	41	18	134
528	41	18	133
529	40	18	140
530	41	17	119
531	38	18	125
532	34	19	99
533	34	19	NP
534	19	37	107
535	19	44	163
536	21	53	147
537	22	61	169
538	22	71	163
539	22	75	177
540	21	76	154
541	20	75	151
542	20	75	159
543	20	75	156
544	20	73	124
545	21	72	102
546	20	71	127
547	20	69	158
548	18	70	140
549	18	72	139
550	20	74	155
551	19	74	157
552	22	79	169
553	27	87	135
554	29	88	94
555	28	88	85
556	29	89	85
556	41	90	42	f
557	30	89	73
557	41	91	47	f
558	44	92	145
559	47	91	156
560	48	90	175
561	51	86	179
562	54	86	189
563	62	82	181
564	68	76	166
565	66	74	153
566	66	71	172
567	66	71	161
568	68	71	151
569	68	72	156
570	69	70	147
571	69	70	137
572	69	68	115
573	68	64	59
573	68	56	33	f
574	66	46	78
574	62	50	48	f
575	64	28	147
576	61	24	163
577	65	26	133
578	64	26	159
579	64	26	147
580	66	27	128
581	67	29	73
581	60	29	32	f
582	65	31	108
583	66	31	123
584	68	30	106
585	63	20	153
586	60	17	161
587	59	17	144
588	63	16	140
589	59	13	111
590	59	14	109
591	59	15	103
592	61	19	134
593	63	24	137
594	65	25	149
595	65	25	151
596	68	27	102
596	60	21	34	f
597	63	21	155
598	64	20	155
599	69	18	152
600	73	15	158
601	74	16	115
601	86	18	37	f
602	81	15	151
603	94	13	174
604	108	13	179
605	116	14	165
606	117	15	163
607	117	15	164
608	117	15	170
609	117	15	169
610	117	15	163
611	117	15	163
612	113	14	153
613	112	15	158
614	114	20	155
615	117	27	168
616	116	28	157
617	116	28	157
618	117	33	157
619	115	50	171
620	115	52	172
621	116	52	163
622	119	57	169
623	120	62	168
624	120	72	178
625	118	80	173
626	120	84	169
627	121	86	169
628	120	85	169
629	121	86	178
630	120	84	174
631	119	83	163
632	114	88	171
633	104	92	136
634	102	91	115
635	88	91	69
635	98	92	62	f
636	84	91	150
637	73	91	167
638	55	92	177
639	53	92	170
640	53	92	165
641	52	89	167
642	48	86	166
643	49	88	152
644	50	87	150
645	50	89	156
646	53	87	163
647	61	82	172
648	67	79	181
649	67	79	160
650	68	80	159
651	73	82	161
652	81	83	176
653	83	85	179
654	82	85	175
655	82	85	179
656	74	86	140
657	72	81	174
658	69	70	143
659	67	64	63
659	68	57	31	f
660	67	52	77
661	65	40	138
662	64	29	170
663	61	22	168
664	58	20	130
665	56	19	111
666	46	19	121
667	34	19	94
668	29	24	62
669	31	18	37
670	30	17	66
671	31	18	43
672	31	18	NP
673	31	18	NP
674	31	18	49
675	31	17	60
676	31	17	70
677	18	34	38
677	23	25	35	f
678	17	39	154
679	15	46	152
680	16	45	157
681	20	58	160
682	22	71	172
683	22	72	176
684	21	73	171
685	21	72	158
686	19	77	170
687	18	86	161
688	17	88	160
689	17	88	146
690	15	90	165
691	15	89	143
692	16	89	157
693	16	90	151
694	17	90	155
695	18	85	157
696	13	72	179
697	13	62	181
698	13	52	177
699	13	46	177
700	13	44	169
701	16	42	164
702	16	41	156
703	16	41	159
704	17	41	162
705	16	41	154
706	16	41	153
707	17	41	176
708	18	41	147
709	17	42	151
710	21	49	160
711	21	56	162
712	21	58	164
713	21	61	163
714	18	68	162
715	22	80	161
716	29	87	110
717	42	89	67
717	31	89	63	f
718	45	88	138
719	50	88	157
720	56	86	175
721	58	83	182
722	65	79	197
723	66	73	178
724	67	72	178
725	66	74	164
726	65	72	179
727	65	72	174
728	66	72	167
729	67	69	164
730	67	69	155
731	67	70	150
732	67	70	148
733	67	69	139
734	68	69	141
735	68	69	134
736	68	69	128
737	68	67	110
738	68	67	114
739	68	66	127
740	68	67	134
741	68	67	129
742	67	67	135
743	68	66	140
744	69	67	133
745	69	67	114
746	69	65	74
746	70	56	51	f
747	70	51	137
748	68	44	129
749	68	44	132
750	68	44	130
751	68	43	128
752	67	33	152
753	71	23	155
754	74	21	98
755	84	20	136
756	92	18	159
757	102	17	175
758	110	18	177
759	113	18	173
760	116	22	145
761	115	21	129
762	115	22	119
762	117	35	44	f
763	115	24	159
764	115	22	140
765	115	23	139
766	115	22	139
767	115	22	136
768	115	22	135
769	115	22	132
770	115	22	134
771	114	21	127
772	114	21	130
773	114	21	132
774	115	21	140
775	119	23	101
775	122	33	41	f
776	120	34	147
777	122	45	155
778	124	51	194
779	121	53	169
780	122	63	171
781	123	78	170
782	123	85	164
783	117	89	169
784	112	89	161
785	103	91	141
786	97	91	135
787	84	92	142
788	75	93	175
789	74	91	147
790	74	91	167
791	74	91	163
792	74	90	160
793	60	91	161
794	53	92	176
795	54	92	179
796	55	91	163
797	50	86	171
798	50	86	158
799	51	85	161
800	49	85	134
801	48	85	107
802	48	85	122
803	53	87	132
804	53	89	162
805	53	89	162
806	54	90	155
807	55	89	150
808	54	87	154
809	58	84	175
810	65	77	174
811	69	69	132
812	69	68	118
813	69	69	124
814	69	67	104
815	68	67	128
816	68	67	131
817	68	67	113
818	69	67	105
819	69	53	97
820	69	48	136
821	69	38	142
822	68	37	130
823	66	28	162
824	61	23	160
825	61	22	148
826	61	22	154
827	61	22	155
828	61	22	155
829	61	22	150
830	61	22	155
831	61	22	152
832	63	22	144
833	63	23	138
834	63	23	134
835	64	24	99
836	65	24	107
837	65	22	140
838	59	21	141
839	55	18	95
840	55	18	99
841	41	18	117
842	34	20	106
843	34	20	89
844	34	20	NP
845	34	20	NP
846	34	20	NP
847	34	20	NP
848	34	20	NP
849	34	20	NP
850	34	20	NP
851	34	20	NP
852	34	20	NP
853	34	20	NP
854	17	34	58
855	19	36	77
856	21	49	153
857	21	54	168
858	22	59	162
859	21	70	166
860	21	74	173
861	22	75	169
862	21	74	159
863	21	73	143
864	20	73	156
865	20	75	157
866	20	85	165
867	18	88	158
868	17	89	168
869	16	90	177
870	15	91	141
871	15	91	135
872	18	85	145
873	19	84	148
874	25	86	139
875	31	87	78
875	41	86	54	f
876	42	85	84
876	32	87	50	f
877	38	86	137
878	39	86	142
879	41	86	63
879	32	87	56	f
880	41	86	59
880	32	87	52	f
881	41	86	64
881	32	87	57	f
882	42	86	58
882	32	87	51	f
883	42	87	65
883	32	87	44	f
884	45	87	144
885	57	84	172
886	65	79	169
887	67	79	160
888	69	81	171
889	74	81	184
890	78	84	182
891	83	85	175
892	83	87	166
893	82	86	156
894	84	85	155
895	84	85	166
896	84	85	167
897	83	85	167
898	84	85	168
899	84	86	165
900	83	87	164
901	81	86	143
902	82	85	135
903	81	89	125
904	78	85	163
905	71	80	168
906	69	80	164
907	68	82	164
908	70	82	155
909	66	84	179
910	52	89	157
911	51	90	163
912	50	89	164
913	50	88	162
914	50	87	159
915	50	88	152
916	50	88	152
917	50	89	167
918	51	89	159
919	52	90	146
920	53	90	154
921	55	91	161
922	55	89	166
923	55	88	173
924	55	89	167
925	53	89	142
926	53	89	146
927	56	91	161
928	56	91	160
929	61	86	163
930	65	74	169
931	66	65	81
931	67	54	43	f
932	62	50	62
932	67	53	45	f
933	65	38	139
934	64	32	153
935	60	22	167
936	59	20	140
937	54	18	56
937	45	17	30	f
938	40	19	123
939	39	20	124
940	37	19	135
941	32	17	90
942	31	17	84
943	32	17	89
944	32	18	69
945	33	18	71
946	30	17	105
947	30	17	116
948	28	15	117
949	31	17	129
950	31	17	131
951	31	17	128
952	32	18	95
953	32	17	78
954	18	33	32
955	17	36	85
956	17	40	136
957	17	42	141
958	17	42	142
959	17	42	144
960	17	42	143
961	17	41	140
962	17	41	139
963	17	41	139
964	17	41	137
965	17	41	139
966	17	41	138
967	16	41	141
968	16	42	155
969	16	43	164
970	17	42	141
971	17	42	143
972	17	42	144
973	17	42	141
974	17	42	143
975	17	42	138
976	17	42	137
977	17	42	135
978	17	42	140
979	16	42	144
980	16	42	147
981	16	42	149
982	17	42	146
983	17	42	146
984	17	41	137
985	18	40	138
986	18	41	142
987	18	40	135
988	18	40	141
989	18	41	144
990	18	40	141
991	18	40	137
992	18	40	139
993	18	40	138
994	17	40	134
995	17	43	161
996	18	49	158
997	19	57	166
998	22	66	170
999	22	67	171
1000	22	67	171
1001	21	66	163
1002	21	67	166
1003	21	70	172
1004	22	77	167
1005	23	79	168
1006	23	79	153
1007	24	80	158
1008	24	80	142
1009	25	81	124
1010	26	81	125
1011	26	81	126
1012	26	81	135
1013	26	81	130
1014	25	81	129
1015	25	81	128
1016	25	81	129
1017	25	81	131
1018	25	81	128
1019	25	81	132
1020	26	81	132
1021	25	81	146
1022	25	81	150
1023	25	81	146
1024	25	81	145
1025	25	81	144
1026	24	80	138
1027	24	79	121
1028	24	79	122
1029	24	79	121
1030	25	80	139
1031	25	80	144
1032	25	80	146
1033	24	80	126
1034	26	81	111
1035	29	85	86
1035	40	87	33	f
1036	42	86	71
1036	32	85	45	f
1037	45	87	119
1038	56	85	167
1039	64	81	180
1040	64	82	163
1041	63	83	167
1042	64	83	164
1043	63	82	161
1044	64	81	169
1045	64	81	159
1046	64	80	163
1047	67	78	173
1048	65	80	150
1049	64	80	149
1050	64	80	144
1051	65	80	144
1052	65	80	145
1053	65	80	143
1054	65	80	143
1055	65	80	140
1056	65	80	142
1057	65	80	145
1058	65	80	145
1059	65	80	146
1060	66	80	158
1061	67	80	163
1062	66	80	159
1063	67	79	169
1064	64	80	160
1065	57	86	143
1066	57	86	164
1067	56	84	167
1068	53	86	167
1069	53	86	160
1070	53	87	157
1071	53	88	166
1072	53	88	173
1073	54	86	151
1074	54	85	165
1075	53	85	158
1076	53	85	154
1077	53	85	155
1078	55	86	151
1079	54	86	164
1080	54	87	158
1081	56	86	160
1082	63	80	182
1083	66	77	166
1084	69	70	150
1085	69	69	127
1086	68	67	103
1087	69	66	85
1088	69	66	87
1089	69	66	84
1090	68	66	84
1090	69	56	34	f
1091	69	66	81
1092	69	66	80
1093	68	65	87
1094	68	65	89
1095	68	66	92
1096	68	66	93
1097	68	66	94
1098	67	66	99
1099	67	66	101
1100	68	66	101
1101	67	66	97
1102	68	66	99
1103	68	66	100
1104	68	66	100
1105	69	66	95
1106	69	66	93
1107	69	66	92
1108	68	66	98
1109	68	66	97
1110	68	66	98
1111	68	66	99
1112	68	66	98
1113	68	66	99
1114	68	66	100
1115	68	66	110
1116	68	66	122
1117	68	67	110
1118	68	67	105
1119	68	67	105
1120	68	67	106
1121	68	67	105
1122	67	67	107
1123	68	66	114
1124	68	66	109
1125	68	66	107
1126	68	66	101
1127	68	66	98
1128	69	67	93
1129	68	67	104
1130	68	67	110
1131	68	66	110
1132	68	67	111
1133	67	67	103
1134	68	67	103
1135	68	67	108
1136	68	67	109
1137	67	67	113
1138	68	66	113
1139	67	67	115
1140	67	67	115
1141	67	67	104
1142	67	67	106
1143	67	67	105
1144	68	67	108
1145	67	67	108
1146	67	67	115
1147	67	67	116
1148	67	67	114
1149	67	67	120
1150	67	67	113
1151	67	67	109
1152	67	67	113
1153	67	67	109
1154	67	67	107
1155	67	67	111
1156	68	67	117
1157	68	66	114
1158	68	66	114
1159	68	66	113
1160	68	67	106
1161	68	67	105
1162	68	67	103
1163	67	66	116
1164	67	67	122
1165	67	67	121
1166	67	67	112
1167	67	67	110
1168	67	67	106
1169	67	67	106
1170	68	67	103
1171	69	67	97
1172	68	66	107
1173	68	66	109
1174	69	67	107
1175	68	67	110
1176	68	67	109
1177	68	67	107
1178	68	67	102
1179	68	67	113
1180	68	66	111
1181	68	67	110
1182	68	66	107
1183	69	67	98
1184	69	67	91
1185	69	67	98
1186	69	67	91
1187	68	67	93
1188	69	67	92
1189	68	67	106
1190	69	67	98
1191	69	67	97
1192	68	67	110
1193	68	67	111
1194	68	67	110
1195	68	67	109
1196	68	66	112
1197	68	67	109
1198	68	66	109
1199	68	66	109
1200	69	67	97
1201	69	67	97
1202	69	67	98
1203	69	67	100
1204	68	66	106
1205	69	67	96
1206	69	67	94
1207	68	66	117
1208	68	67	126
1209	68	66	125
1210	68	67	129
1211	68	67	123
1212	69	67	103
1213	69	67	103
1214	69	67	103
1215	69	67	105
1216	68	67	106
1217	69	67	105
1218	68	67	109
1219	68	67	110
1220	69	67	107
1221	69	67	95
1222	69	67	101
1223	69	67	98
1224	69	67	103
1225	68	67	106
1226	69	67	100
1227	69	67	101
1228	69	67	100
1229	69	67	99
1230	69	67	99
1231	69	67	102
1232	67	67	109
1233	68	67	112
1234	68	67	114
1235	68	67	110
1236	68	67	113
1237	67	67	107
1238	67	67	119
1239	68	67	126
1240	68	67	118
1241	68	67	101
1242	68	67	107
1243	68	67	100
1244	68	67	107
1245	68	67	102
1246	68	67	105
1247	69	67	99
1248	68	67	107
1249	68	67	109
1250	68	67	108
1251	68	66	111
1252	69	67	109
1253	68	67	130
1254	67	67	129
1255	67	68	110
1256	70	68	120
1257	69	68	123
1258	69	66	91
1258	69	56	34	f
1259	68	64	59
1259	70	56	53	f
1260	68	52	93
1261	65	43	112
1262	64	35	147
1263	63	27	163
1264	63	23	139
1265	62	23	166
1266	60	22	156
1267	55	18	105
1267	44	13	37	f
1268	55	18	105
1269	46	19	131
1270	39	21	136
1271	31	23	80
1272	31	22	69
1273	31	22	73
1274	31	22	76
1275	31	22	NP
1276	31	22	NP
1277	13	13	31
1278	15	12	42
1279	15	12	NP
1280	15	12	NP
1281	15	12	NP
1282	15	12	NP
1283	15	12	NP
1284	15	12	NP
1285	15	12	NP
1286	15	12	NP
1287	15	12	NP
1288	15	12	NP
1289	15	12	NP
1290	15	12	NP
1291	36	15	138
1292	40	14	127
1293	40	14	131
1294	40	14	130
1295	38	14	123
1296	38	14	106
1297	38	14	123
1298	37	15	92
1299	38	16	131
1300	42	16	98
1301	44	16	92
1302	45	17	82
1303	44	16	56
1304	45	17	43
1305	45	17	NP
1306	45	17	NP
1307	44	16	49
1308	44	16	94
1309	43	13	109
1310	43	14	122
1311	43	13	111
1312	43	13	113
1313	43	13	111
1314	43	13	114
1315	43	13	109
1316	43	14	114
1317	43	13	100
1318	42	13	91
1319	42	13	88
1320	43	13	108
1321	42	13	107
1322	43	13	117
1323	43	13	125
1324	43	13	118
1325	43	14	130
1326	44	18	110
1327	43	18	125
1328	40	19	130
1329	34	19	98
1330	17	33	31
1331	19	35	70
1332	18	38	148
1333	18	49	162
1334	19	58	163
1335	19	69	168
1336	18	75	180
1337	17	75	183
1338	16	75	176
1339	18	74	160
1340	19	73	158
1341	20	74	177
1342	20	74	172
1343	23	81	161
1344	27	86	108
1345	27	85	109
1346	28	85	96
1346	41	85	39	f
1347	28	85	99
1347	41	86	43	f
1348	28	86	103
1348	41	86	37	f
1349	29	86	101
1349	40	86	30	f
1350	28	86	101
1350	40	86	34	f
1351	28	85	101
1351	41	87	43	f
1352	30	85	82
1352	41	90	51	f
1353	44	91	127
1354	46	90	159
1355	51	86	175
1356	53	87	159
1357	53	87	163
1358	53	87	158
1359	53	86	165
1360	53	86	172
1361	54	86	174
1362	54	87	163
1363	54	87	168
1364	52	87	158
1365	52	87	159
1366	52	87	160
1367	63	81	173
1368	67	79	168
1369	68	81	165
1370	71	84	192
1371	71	84	182
1372	72	85	169
1373	71	83	157
1374	69	82	154
1375	69	80	155
1376	69	80	150
1377	69	80	149
1378	69	80	149
1379	68	80	155
1380	68	77	153
1381	67	74	159
1382	68	67	110
1383	67	67	117
1384	67	66	104
1385	68	67	95
1386	68	66	87
1386	69	56	33	f
1387	69	54	82
1388	70	45	140
1389	71	36	148
1390	71	35	159
1391	70	33	160
1392	68	25	152
1393	66	21	154
1394	63	19	171
1395	65	21	139
1396	64	21	155
1397	66	21	126
1398	67	22	121
1399	67	21	128
1400	67	19	149
1401	67	19	147
1402	68	17	142
1403	72	16	144
1404	82	16	141
1405	82	16	130
1406	78	14	63
1406	86	17	55	f
1407	80	15	113
1408	77	14	64
1408	84	18	37	f
1409	77	14	76
1409	84	18	30	f
1410	77	14	75
1411	77	14	76
1411	86	18	35	f
1412	76	13	67
1412	86	16	38	f
1413	76	14	68
1413	86	15	37	f
1414	76	15	71
1414	85	14	53	f
1415	76	15	70
1415	87	14	43	f
1416	76	15	70
1416	86	14	51	f
1417	76	15	64
1417	86	15	59	f
1418	86	16	126
1419	90	15	128
1420	93	16	152
1421	101	13	182
1422	113	14	172
1423	116	13	175
1424	115	14	168
1425	111	14	163
1426	111	15	155
1427	111	18	163
1428	112	20	155
1429	114	27	157
1430	116	28	144
1431	121	43	167
1432	122	51	169
1433	123	62	182
1434	123	66	183
1435	122	69	169
1436	120	74	171
1437	119	78	178
1438	116	80	175
1439	114	80	191
1440	114	80	185
1441	114	80	181
1442	115	80	167
1443	115	80	162
1444	117	80	158
1445	117	86	157
1446	119	86	164
1447	119	85	146
1448	117	85	158
1449	105	91	147
1450	102	92	118
1451	100	91	93
1451	89	89	30	f
1452	100	91	86
1453	100	91	89
1454	100	91	94
1455	98	91	131
1456	100	91	93
1457	99	91	77
1457	90	85	48	f
1458	90	87	158
1459	86	86	148
1460	86	86	150
1461	74	91	170
1462	57	92	169
1463	55	92	166
1464	56	92	164
1465	55	92	170
1466	51	91	156
1467	50	88	171
1468	49	87	185
1469	49	91	143
1470	49	91	138
1471	51	91	143
1472	56	92	132
1473	60	90	130
1474	61	89	140
1475	64	90	155
1476	64	89	147
1477	62	87	141
1478	67	88	167
1479	74	86	182
1480	80	84	184
1481	83	85	171
1482	80	86	158
1483	77	86	137
1484	76	85	140
1485	76	85	139
1486	76	87	145
1487	72	83	179
1488	68	80	160
1489	68	83	165
1490	60	85	175
1491	55	89	166
1492	54	89	163
1493	51	87	168
1494	49	86	163
1495	50	87	148
1496	49	87	127
1497	48	85	119
1498	51	88	131
1499	56	91	134
1500	54	91	155
1501	54	91	152
1502	55	91	144
1503	54	89	139
1504	56	87	160
1505	63	80	162
1506	67	75	167
1507	68	69	117
1508	69	69	110
1509	68	66	78
1510	67	64	77
1510	62	53	41	f
1511	67	64	78
1511	62	53	37	f
1512	68	51	98
1513	71	42	144
1514	71	42	136
1515	67	33	121
1516	60	23	155
1517	60	22	149
1518	57	21	103
1519	45	16	139
1520	41	14	132
1521	42	17	125
1522	39	19	133
1523	37	20	148
1524	34	21	127
1525	34	21	118
1526	34	21	124
1527	34	21	129
1528	35	19	123
1529	36	19	98
1530	18	14	90
1531	19	14	97
1532	24	15	43
1533	25	15	39
1534	28	16	56
1535	29	16	55
1536	29	16	NP
1537	19	36	73
1538	20	47	162
1539	20	60	155
1540	21	73	170
1541	22	79	155
1542	23	79	166
1543	22	79	148
1544	22	79	150
1545	22	78	154
1546	22	78	149
1547	22	79	152
1548	22	79	152
1549	22	80	156
1550	27	87	115
1551	43	89	135
1552	51	90	161
1553	55	91	158
1554	54	90	152
1555	59	86	182
1556	64	77	179
1557	68	73	181
1558	68	74	168
1559	66	76	152
1560	65	74	174
1561	65	73	175
1562	66	73	159
1563	66	73	165
1564	67	74	169
1565	68	71	146
1566	68	72	140
1567	68	72	144
1568	68	72	150
1569	68	72	146
1570	67	73	138
1571	66	72	156
1572	66	71	153
1573	65	70	154
1574	65	70	129
1575	65	69	137
1576	65	67	113
1577	65	68	131
1578	65	67	128
1579	64	68	121
1580	65	68	137
1581	65	68	141
1582	65	69	147
1583	65	70	139
1584	65	69	136
1585	65	69	141
1586	65	69	131
1587	64	70	137
1588	65	69	139
1589	65	70	129
1590	65	70	139
1591	65	69	143
1592	65	69	135
1593	64	70	135
1594	66	69	136
1595	66	70	148
1596	64	69	141
1597	65	69	133
1598	65	69	142
1599	65	70	139
1600	64	70	136
1601	66	69	136
1602	65	70	129
1603	65	70	133
1604	65	70	128
1605	65	70	136
1606	65	69	128
1607	65	70	137
1608	65	69	137
1609	65	70	131
1610	65	69	136
1611	65	70	125
1612	65	70	126
1613	65	69	131
1614	65	69	133
1615	65	70	134
1616	65	70	132
1617	65	70	134
1618	65	69	136
1619	65	69	147
1620	66	69	140
1621	65	69	141
1622	65	69	141
1623	65	68	126
1624	64	66	117
1625	68	64	56
1625	71	56	47	f
1626	68	64	57
1626	69	57	35	f
1627	68	56	47
1627	69	63	38	f
1628	68	52	70
1629	64	45	126
1630	63	32	159
1631	61	23	150
1632	60	20	148
1633	57	20	126
1634	54	18	66
1635	37	21	143
1636	35	19	98
1637	32	21	82
1638	30	21	68
1639	32	17	75
1640	30	21	77
1641	32	19	49
1642	31	16	82
1643	31	16	80
1644	31	16	NP
1645	17	35	58
1646	17	39	141
1647	16	49	173
1648	14	57	170
1649	14	59	155
1650	15	57	143
1651	15	58	165
1652	19	63	173
1653	21	74	157
1654	25	82	162
1655	27	85	114
1656	28	85	100
1657	27	85	92
1657	41	87	37	f
1658	27	86	94
1659	28	85	89
1660	28	85	94
1661	29	85	103
1662	28	85	96
1662	40	88	33	f
1663	31	87	72
1663	41	90	63	f
1664	41	90	145
1665	46	90	148
1666	56	85	175
1667	64	80	182
1668	67	78	171
1669	69	82	176
1670	74	82	166
1671	73	82	164
1672	78	87	185
1673	83	88	162
1674	84	90	163
1675	83	89	163
1676	83	88	180
1677	85	86	156
1678	84	87	154
1679	82	88	157
1680	77	88	155
1681	72	81	165
1682	69	75	141
1683	66	69	142
1684	67	65	87
1684	69	56	39	f
1685	69	55	64
1686	68	50	91
1687	64	35	142
1688	62	26	149
1689	61	22	149
1690	56	21	90
1691	39	19	131
1692	34	19	91
1693	34	19	NP
1694	30	17	53
1695	29	16	50
1696	30	16	50
1697	30	17	44
1698	30	18	37
1699	30	17	46
1700	30	17	69
1701	30	17	61
1702	29	17	33
1703	16	25	57
1704	16	25	NP
1705	16	25	NP
1706	16	25	NP
1707	29	17	44
1708	28	17	40
1709	29	17	40
1710	29	17	38
1711	29	17	37
1712	29	18	37
1713	29	18	NP
1714	29	18	NP
1715	29	18	NP
1716	29	18	NP
1717	29	18	NP
1718	30	17	62
1719	29	16	67
1720	29	16	67
1721	31	18	91
1722	32	18	101
1723	32	16	112
1724	41	15	108
1725	41	15	112
1726	40	15	125
1727	39	15	121
1728	38	16	114
1729	38	15	116
1730	37	15	115
1731	34	16	136
1732	35	18	122
1733	33	17	130
1734	31	17	89
1735	18	34	42
1736	16	36	112
1737	17	37	130
1738	18	41	148
1739	20	49	156
1740	21	53	173
1741	20	54	177
1742	18	65	174
1743	20	70	171
1744	20	71	173
1745	20	71	173
1746	20	73	180
1747	19	72	166
1748	19	72	154
1749	20	73	171
1750	20	76	171
1751	22	86	160
1752	22	87	147
1753	18	88	167
1754	18	88	162
1755	18	87	160
1756	18	89	156
1757	17	90	169
1758	17	89	161
1759	20	87	139
1760	21	87	131
1761	23	88	145
1762	25	87	130
1763	30	89	72
1763	41	87	51	f
1764	30	88	69
1764	41	88	51	f
1765	46	88	163
1766	53	85	162
1767	53	85	167
1768	56	85	171
1769	59	83	176
1770	68	77	173
1771	67	72	145
1772	69	71	124
1773	69	70	125
1774	69	71	137
1775	69	69	122
1776	69	70	124
1777	69	69	124
1778	67	67	117
1779	69	66	105
1780	69	66	104
1781	69	66	99
1782	69	66	118
1783	68	66	114
1784	68	66	117
1785	69	67	107
1786	68	65	68
1787	69	55	61
1787	69	64	60	f
1788	68	52	66
1789	65	39	134
1790	64	28	136
1791	64	26	145
1792	64	27	119
1793	66	30	124
1794	67	31	95
1794	59	25	31	f
1795	66	29	129
1796	66	27	119
1797	63	18	142
1798	61	17	157
1799	59	14	71
1799	65	20	62	f
1800	65	19	140
1801	70	17	143
1802	75	16	104
1803	76	16	83
1803	85	14	46	f
1804	84	14	158
1805	93	13	184
1806	106	14	172
1807	113	16	167
1808	116	17	154
1809	116	16	158
1810	116	16	155
1811	116	16	168
1812	114	16	158
1813	114	21	166
1814	118	26	160
1815	119	32	155
1816	117	41	174
1817	115	50	184
1818	115	50	178
1819	117	52	168
1820	121	60	169
1821	123	70	173
1822	123	82	174
1823	121	85	150
1824	112	90	153
1825	106	90	168
1826	103	90	145
1827	103	90	133
1828	102	90	121
1829	102	90	120
1830	102	90	126
1831	102	90	121
1832	102	90	128
1833	92	88	142
1834	86	87	144
1835	82	85	167
1836	78	84	184
1837	74	82	155
1838	73	81	163
1839	70	73	179
1840	69	73	163
1841	70	71	152
1842	71	72	168
1843	69	72	156
1844	68	72	187
1845	68	72	181
1846	68	72	175
1847	69	75	162
1848	67	78	171
1849	66	78	174
1850	67	77	158
1851	67	78	164
1852	67	78	163
1853	62	83	156
1854	61	86	166
1855	61	85	160
1856	56	90	165
1857	53	91	159
1858	53	92	174
1859	53	91	163
1860	53	90	162
1861	51	88	158
1862	47	87	145
1863	47	87	147
1864	47	87	124
1865	47	87	123
1866	51	91	139
1867	52	88	151
1868	60	84	164
1869	68	80	179
1870	67	80	150
1871	67	81	147
1872	67	81	150
1873	67	80	156
1874	67	80	153
1875	67	80	156
1876	68	80	158
1877	67	80	152
1878	67	80	147
1879	67	79	156
1880	67	80	150
1881	67	80	149
1882	67	80	148
1883	66	80	138
1884	67	80	142
1885	66	81	138
1886	66	81	144
1887	66	81	144
1888	66	81	144
1889	66	81	144
1890	66	81	144
1891	66	81	143
1892	66	81	135
1893	64	82	140
1894	64	82	145
1895	65	83	136
1896	65	83	130
1897	65	77	169
1898	67	69	133
1899	67	50	99
1900	66	37	113
1901	66	32	117
1902	63	31	134
1903	68	28	158
1904	70	26	136
1905	72	24	144
1906	74	22	112
1906	85	19	37	f
1907	73	21	113
1907	86	19	39	f
1908	74	21	113
1909	74	22	109
1910	81	19	147
1911	89	14	143
1912	94	14	169
1913	108	13	176
1914	115	13	176
1915	117	14	169
1916	121	20	155
1917	122	22	117
1918	121	24	118
1919	119	24	126
1920	117	24	147
1921	118	24	135
1922	117	24	144
1923	113	23	164
1924	101	21	174
1925	96	22	166
1926	97	19	138
1927	94	17	158
1928	94	18	150
1929	92	17	144
1930	92	15	157
1931	92	17	142
1932	96	17	140
1933	97	19	149
1934	97	17	142
1935	99	17	155
1936	103	19	160
1937	115	14	159
1938	116	15	165
1939	120	17	150
1940	122	21	130
1941	122	21	119
1942	122	21	106
1943	122	20	93
1944	122	20	92
1945	122	20	84
1946	122	22	123
1947	122	22	119
1948	122	22	113
1949	122	22	116
1950	122	22	117
1951	121	22	115
1952	121	22	119
1953	121	22	112
1954	121	23	99
1954	120	34	59	f
1955	121	23	97
1955	120	34	63	f
1956	122	22	99
1956	120	34	66	f
1957	122	24	137
1958	122	22	101
1958	118	32	43	f
1959	122	22	105
1959	118	32	44	f
1960	122	22	104
1961	122	23	104
1962	122	22	102
1963	122	22	100
1964	122	23	105
1965	120	24	119
1966	119	23	121
1967	120	23	119
1968	120	23	119
1969	120	23	122
1970	120	23	123
1971	120	23	123
1972	120	23	124
1973	120	24	125
1974	121	23	103
1975	121	25	130
1976	121	25	129
1977	122	23	96
1978	122	23	97
1979	121	25	131
1980	121	25	129
1981	122	23	101
1982	121	25	130
1983	122	22	81
1984	122	23	96
1985	122	25	138
1986	121	27	145
1987	122	23	96
1987	120	33	45	f
1988	120	27	138
1989	119	28	133
1990	119	28	140
1991	119	28	139
1992	119	28	141
1993	119	27	126
1994	119	27	114
1995	119	26	105
1996	120	24	84
1997	120	26	122
1998	119	27	134
1999	119	28	136
2000	120	27	109
2001	120	26	105
2002	120	27	107
2003	120	26	102
2004	120	26	106
2005	120	27	117
2006	120	27	115
2007	120	27	114
2008	120	27	113
2009	119	27	119
2010	119	28	130
2011	119	28	123
2012	119	28	127
2013	120	24	73
2013	118	33	45	f
2014	121	24	60
2014	117	33	45	f
2015	119	28	120
2016	119	28	124
2017	121	24	74
2017	117	33	45	f
2018	120	24	78
2018	117	33	43	f
2019	119	27	107
2020	120	24	85
2020	119	33	36	f
2021	121	28	141
2022	121	27	144
2023	121	27	141
2024	121	27	136
2025	121	27	135
2026	120	26	128
2027	120	26	131
2028	120	27	134
2029	120	26	133
2030	120	26	132
2031	120	26	130
2032	120	26	129
2033	120	26	131
2034	120	27	130
2035	120	26	127
2036	120	26	127
2037	120	26	123
2038	120	26	123
2039	120	26	125
2040	121	26	123
2041	120	26	125
2042	120	26	128
2043	120	27	139
2044	120	26	122
2045	120	27	127
2046	120	26	129
2047	120	26	122
2048	121	24	96
2048	118	32	30	f
2049	120	26	126
2050	121	24	96
2051	121	24	95
2051	118	32	31	f
2052	121	24	96
2052	118	32	32	f
2053	120	27	135
2054	120	27	134
2055	120	27	137
2056	120	27	130
2057	121	28	143
2058	121	28	140
2059	121	28	136
2060	122	31	158
2061	121	29	135
2062	121	28	127
2063	121	27	121
2064	120	26	107
2065	120	27	126
2066	120	27	134
2067	120	28	142
2068	120	27	137
2069	120	27	132
2070	119	29	146
2071	119	29	138
2072	119	29	146
2073	119	29	143
2074	120	28	134
2075	119	28	138
2076	119	28	143
2077	119	27	131
2078	121	27	115
2079	121	25	102
2080	121	25	87
2081	121	25	86
2082	120	25	105
2083	120	25	101
2084	121	24	82
2085	121	24	84
2086	121	23	71
2086	120	32	32	f
2087	121	23	70
2087	121	33	35	f
2088	121	23	70
2088	121	33	32	f
2089	121	26	112
2090	120	23	75
2090	121	33	32	f
2091	121	27	128
2092	120	26	125
2093	119	30	150
2094	119	38	159
2095	119	42	154
2096	120	46	176
2097	122	57	171
2098	123	69	175
2099	123	76	181
2100	123	83	156
2101	115	90	163
2102	110	91	159
2103	106	92	171
2104	105	91	145
2105	105	91	147
2106	102	91	125
2107	100	90	100
2108	99	91	73
2108	89	93	33	f
2109	88	90	135
2110	83	89	168
2111	81	87	165
2112	80	87	160
2113	80	87	156
2114	81	89	154
2115	72	91	169
2116	67	92	157
2117	59	92	178
2118	55	93	153
2119	53	88	171
2120	50	87	167
2121	51	87	151
2122	52	87	153
2123	51	87	174
2124	51	87	172
2125	52	88	151
2126	53	89	138
2127	53	88	140
2128	53	88	139
2129	53	88	138
2130	53	89	138
2131	53	89	134
2132	58	84	158
2133	66	78	165
2134	69	73	161
2135	70	69	147
2136	70	69	138
2137	70	69	139
2138	70	68	120
2139	70	66	105
2139	71	56	30	f
2140	70	65	83
2140	72	56	37	f
2141	69	65	69
2141	72	55	40	f
2142	70	65	78
2142	72	56	30	f
2143	70	65	80
2144	70	65	77
2144	68	55	30	f
2145	70	65	79
2145	68	56	30	f
2146	69	54	53
2147	67	37	108
2148	67	35	154
2149	69	27	164
2150	64	23	162
2151	63	22	165
2152	62	20	179
2153	66	24	133
2154	68	23	138
2155	71	20	130
2156	72	20	122
2157	72	20	123
2158	73	18	109
2159	77	19	66
2159	87	19	57	f
2160	76	19	61
2160	86	19	58	f
2161	76	19	61
2161	86	19	58	f
2162	76	18	60
2162	86	17	51	f
2163	76	19	60
2163	86	17	52	f
2164	80	17	127
2165	77	19	69
2165	85	15	59	f
2166	77	19	74
2166	86	17	53	f
2167	83	19	142
2168	89	19	121
2169	90	17	142
2170	90	18	144
2171	90	18	144
2172	90	18	145
2173	89	18	126
2174	90	18	139
2175	90	18	147
2176	90	18	142
2177	90	18	136
2178	93	18	152
2179	100	21	165
2180	102	18	155
2181	106	17	158
2182	115	13	170
2183	117	15	158
2184	117	15	163
2185	114	15	148
2186	113	16	153
2187	115	21	125
2188	117	26	156
2189	118	31	154
2190	118	40	165
2191	121	50	163
2192	122	55	167
2193	122	66	161
2194	121	78	166
2195	123	82	155
2196	119	83	160
2197	110	90	167
2198	104	91	140
2199	100	91	92
2199	90	87	34	f
2200	92	88	147
2201	87	85	137
2202	86	86	136
2203	86	85	141
2204	87	87	137
2205	82	90	165
2206	73	92	171
2207	70	92	163
2208	73	91	128
2209	73	92	120
2210	75	90	126
2211	74	90	148
2212	68	91	164
2213	61	89	155
2214	58	90	156
2215	59	90	154
2216	59	88	158
2217	61	88	158
2218	61	89	154
2219	60	90	142
2220	60	91	143
2221	60	91	147
2222	60	91	147
2223	60	90	145
2224	60	89	148
2225	64	77	155
2226	65	68	125
2227	67	69	112
2228	69	65	54
2229	70	55	64
2230	69	48	104
2231	66	36	100
2232	66	36	107
2233	67	28	122
2234	67	24	122
2235	69	25	134
2236	71	22	140
2237	72	22	124
2238	73	22	129
2239	71	21	152
2240	63	18	162
2241	60	19	159
2242	60	18	147
2243	60	18	152
2244	61	19	141
2245	61	19	143
2246	59	17	145
2247	56	15	102
2247	45	13	31	f
2248	54	15	62
2248	42	12	51	f
2249	46	16	124
2250	37	19	142
2251	32	19	76
2252	32	19	NP
