Slice	X	Y	AREA
0	0	0	NP
1	51	92	148
2	48	89	137
3	47	88	148
4	48	87	149
5	50	86	149
6	52	85	148
7	53	84	157
8	58	82	175
9	63	81	164
10	67	81	155
11	68	81	152
12	69	82	153
13	69	81	152
14	74	83	171
15	77	86	179
16	78	87	190
17	78	87	193
18	77	86	155
19	75	87	170
20	73	87	146
21	73	87	166
22	72	86	146
23	70	86	175
24	65	90	158
25	61	92	146
26	60	92	146
27	57	91	169
28	52	87	154
29	52	87	148
30	53	87	134
31	55	86	148
32	56	85	161
33	58	84	175
34	65	75	164
35	67	71	160
36	69	68	110
37	68	68	123
38	69	67	102
38	70	56	37	f
39	68	53	81
39	69	63	30	f
40	68	50	108
41	66	43	105
42	66	43	108
43	68	39	130
44	71	30	167
45	71	27	171
46	73	25	165
47	74	24	165
48	74	24	156
49	72	20	178
50	69	18	175
51	64	17	174
52	62	16	164
53	62	16	165
54	59	15	142
55	58	15	132
56	57	16	118
57	57	16	119
58	57	16	119
59	57	16	126
60	56	16	105
61	54	17	131
62	50	17	165
63	43	16	158
64	37	14	180
65	35	15	183
66	31	17	173
67	28	19	176
68	23	22	162
69	23	22	156
70	23	21	146
71	24	21	138
72	23	23	163
73	23	23	165
74	24	21	133
75	24	21	135
76	21	25	145
77	21	24	82
77	18	34	47	f
78	18	35	68
78	21	25	59	f
79	17	36	96
79	21	26	47	f
80	16	37	104
80	21	26	32	f
81	16	39	159
82	15	44	155
83	16	50	156
84	17	55	153
85	20	63	149
86	20	64	136
87	21	65	156
88	20	68	173
89	17	76	171
90	14	83	155
91	15	83	158
92	16	85	165
93	18	86	159
94	25	90	138
95	26	90	133
96	29	90	72
96	42	91	58	f
97	42	89	60
97	30	91	48	f
98	44	88	116
99	46	86	158
100	54	85	175
101	59	83	164
102	64	77	176
103	66	75	166
104	64	73	178
105	65	73	176
106	65	73	178
107	66	76	172
108	65	73	190
109	67	75	152
110	67	76	156
111	68	76	170
112	68	76	170
113	68	76	170
114	68	77	158
115	67	78	164
116	68	79	152
117	69	79	146
118	69	79	151
119	69	79	142
120	68	79	147
121	68	77	161
122	67	72	166
123	68	69	124
124	68	68	112
125	69	68	105
126	68	54	66
126	67	64	55	f
127	68	45	142
128	73	26	170
129	74	20	135
130	78	20	152
131	89	19	101
131	78	18	35	f
132	92	17	157
133	95	14	157
134	97	14	170
135	96	14	161
136	95	14	155
137	94	15	147
138	94	17	140
139	97	17	132
140	103	17	69
141	103	17	NP
142	103	19	61
143	103	18	53
144	103	18	54
145	103	18	NP
146	120	33	57
147	119	38	125
148	121	42	165
149	120	50	167
150	118	59	170
151	116	64	165
152	116	72	176
153	116	77	175
154	117	79	189
155	118	79	186
156	116	79	169
157	116	79	171
158	116	78	167
159	114	78	185
160	106	86	174
161	103	87	126
162	96	89	151
163	87	91	107
164	87	90	117
165	85	91	131
166	84	90	142
167	78	87	163
168	69	83	166
169	68	82	168
170	70	82	166
171	72	82	171
172	71	82	170
173	71	82	170
174	71	82	166
175	70	78	169
176	69	71	143
177	69	65	71
177	69	55	55	f
178	69	48	141
179	70	42	135
180	69	31	151
181	66	25	159
182	64	23	153
183	64	24	154
184	64	24	154
185	64	24	158
186	64	22	154
187	61	18	148
188	60	18	148
189	59	17	162
190	60	17	155
191	60	18	154
192	60	18	153
193	62	18	153
194	70	14	146
195	72	13	128
196	72	13	125
197	79	15	152
198	86	20	79
198	77	14	50	f
199	80	16	112
200	81	16	130
201	88	17	76
201	77	14	53	f
202	88	16	84
202	77	15	47	f
203	86	16	61
203	77	15	56	f
204	91	15	154
205	95	13	174
206	113	12	176
207	115	13	157
208	114	13	151
209	112	13	149
210	109	13	145
211	108	13	143
212	108	13	138
213	108	13	120
214	108	14	110
215	108	14	110
216	109	14	115
217	108	14	124
218	110	14	115
219	110	15	87
220	111	15	85
221	109	14	110
222	110	14	77
223	118	34	32
224	118	35	79
225	115	41	165
226	115	46	169
227	115	46	129
228	116	44	126
229	116	45	150
230	116	51	174
231	119	58	176
232	119	66	181
233	117	78	156
234	116	81	150
235	116	81	145
236	116	80	153
237	114	81	179
238	103	86	127
239	102	86	106
240	99	87	129
241	101	87	99
242	99	87	65
242	89	90	65	f
243	100	87	65
243	89	91	63	f
244	89	91	62
244	100	87	58	f
245	89	92	70
245	100	87	56	f
246	99	87	66
246	90	91	62	f
247	88	92	77
247	99	87	64	f
248	89	92	77
248	99	87	63	f
249	89	92	76
249	99	87	64	f
250	99	87	67
250	88	90	66	f
251	85	87	139
252	76	86	154
253	70	84	161
254	71	83	148
255	71	82	161
256	70	74	179
257	70	73	174
258	70	73	167
259	70	73	179
260	69	73	180
261	69	77	158
262	67	80	159
263	61	83	170
264	57	86	171
265	57	86	174
266	57	86	162
267	52	86	173
268	51	84	167
269	51	85	169
270	51	85	171
271	53	86	138
272	54	87	137
273	56	87	133
274	58	85	165
275	62	80	150
276	66	67	94
277	69	55	60
277	69	64	48	f
278	70	46	120
279	71	41	118
280	71	40	124
281	70	43	99
282	69	38	133
283	68	36	137
284	66	29	150
285	64	26	152
286	62	24	149
287	61	23	144
288	62	24	139
289	61	23	147
290	53	19	138
291	41	16	129
292	38	17	167
293	30	18	172
294	24	21	177
295	21	21	177
296	21	21	173
297	21	21	162
298	20	24	160
299	20	24	167
300	21	24	165
301	17	30	138
302	17	33	139
303	17	43	141
304	17	48	141
305	14	59	178
306	15	60	159
307	15	59	147
308	16	57	146
309	17	58	152
310	20	65	167
311	22	76	164
312	24	84	148
313	28	87	108
314	28	88	96
315	28	89	99
315	40	92	30	f
316	27	89	91
316	40	91	32	f
317	28	89	85
317	40	88	30	f
318	41	87	46
319	42	85	79
320	42	85	83
321	43	86	83
322	43	85	88
323	43	85	88
324	40	87	40
325	32	91	30
326	39	89	32
327	32	87	63
328	29	87	116
329	25	83	133
330	22	84	160
331	18	85	158
332	17	88	169
333	17	89	165
334	17	88	176
335	19	87	159
336	19	87	161
337	19	87	163
338	19	85	139
339	19	86	140
340	19	86	150
341	19	87	148
342	19	86	143
343	18	87	171
344	17	88	176
345	18	87	159
346	18	87	168
347	17	88	180
348	18	88	169
349	19	86	136
350	19	84	144
351	15	80	146
352	16	75	154
353	15	67	152
354	13	59	162
355	13	44	174
356	13	45	163
357	13	44	163
358	13	45	173
359	13	45	180
360	13	44	178
361	14	45	168
362	17	43	181
363	17	43	169
364	17	43	169
365	17	44	163
366	17	44	157
367	15	46	155
368	15	46	167
369	17	43	157
370	17	43	169
371	17	43	161
372	17	43	157
373	16	44	185
374	16	44	184
375	14	43	177
376	14	44	172
377	14	46	133
378	16	46	153
379	17	46	153
380	17	46	148
381	20	51	161
382	21	56	154
383	22	63	174
384	22	75	150
385	21	76	148
386	21	75	156
387	23	79	139
388	28	83	117
389	42	87	75
389	32	85	33	f
390	43	88	89
391	43	90	109
392	40	89	72
393	40	89	69
394	40	89	47
395	41	89	49
395	31	85	32	f
396	42	88	61
397	42	88	63
398	41	88	64
398	32	86	30	f
399	42	86	65
400	45	86	111
401	54	85	163
402	60	83	145
403	62	80	157
404	63	81	158
405	64	81	159
406	67	82	170
407	69	83	172
408	70	83	154
409	71	82	168
410	76	84	184
411	82	86	183
412	82	87	175
413	82	87	186
414	83	88	181
415	83	88	180
416	83	88	181
417	83	88	175
418	83	88	177
419	83	88	183
420	82	88	181
421	82	88	183
422	82	88	181
423	81	88	173
424	81	88	171
425	80	88	163
426	80	88	153
427	80	87	148
428	81	86	158
429	83	86	167
430	82	86	166
431	82	86	164
432	83	85	171
433	83	85	180
434	83	85	177
435	82	86	164
436	82	86	165
437	83	85	165
438	82	85	160
439	80	85	152
440	78	86	156
441	79	87	140
442	78	87	164
443	77	88	169
444	78	87	157
445	79	85	155
446	80	85	156
447	84	84	141
448	85	84	138
449	85	84	117
450	83	83	104
451	84	82	86
452	85	83	103
453	86	83	115
454	85	85	147
455	83	86	125
456	83	86	132
457	82	86	148
458	79	85	170
459	72	82	172
460	69	79	169
461	67	81	167
462	67	81	174
463	67	81	181
464	65	81	185
465	63	81	179
466	62	83	178
467	57	84	174
468	53	85	159
469	52	85	160
470	52	85	159
471	52	85	166
472	52	86	147
473	53	87	138
474	55	88	140
475	57	87	157
476	59	84	162
477	64	75	160
478	65	69	134
479	66	66	103
480	66	65	87
481	66	63	40
482	66	54	69
483	67	55	53
483	62	52	34	f
484	68	55	44
484	62	52	33	f
485	68	54	46
485	62	50	30	f
486	68	56	39
487	67	51	89
488	66	42	109
489	65	30	135
490	65	21	129
491	68	19	162
492	71	16	162
493	71	16	163
494	71	16	157
495	71	16	156
496	71	17	161
497	71	17	142
498	71	19	149
499	71	19	128
500	71	19	127
501	72	19	154
502	71	19	153
503	68	18	155
504	66	16	147
505	64	14	141
506	68	15	106
506	59	16	32	f
507	62	15	170
508	60	16	162
509	60	16	153
510	60	16	157
511	60	18	150
512	60	18	157
513	60	18	151
514	60	18	157
515	60	18	158
516	60	18	160
517	60	18	159
518	60	18	162
519	60	18	162
520	60	18	161
521	60	18	160
522	60	17	148
523	61	17	140
524	60	17	150
525	59	17	146
526	59	17	144
527	59	18	145
528	60	17	138
529	59	17	141
530	59	17	141
531	59	17	141
532	58	18	133
533	58	17	125
534	58	18	131
535	59	17	131
536	60	17	149
537	62	18	147
538	65	23	138
539	66	26	146
540	68	28	135
541	71	39	116
542	72	48	129
543	72	49	106
544	71	48	107
545	71	49	101
546	71	49	96
547	71	48	100
548	71	47	86
549	71	49	101
550	70	50	126
551	69	51	79
552	69	51	87
553	70	50	123
554	71	49	113
555	71	49	110
556	70	49	100
557	70	53	75
558	69	52	76
559	68	49	81
560	66	44	75
561	64	41	124
562	68	36	155
563	68	36	140
564	68	36	142
565	69	34	142
566	70	33	154
567	70	32	145
568	69	32	153
569	69	33	151
570	69	33	131
571	69	34	128
572	69	33	144
573	68	33	144
574	67	32	150
575	66	31	130
576	64	26	128
577	60	23	146
578	59	22	148
579	58	21	120
580	56	19	123
581	55	19	144
582	56	19	114
583	56	19	114
584	56	19	143
585	56	19	137
586	53	18	155
587	48	17	138
588	42	19	120
589	39	19	144
590	30	22	163
591	24	24	143
592	22	24	137
593	22	24	122
594	22	24	123
595	22	24	121
596	20	25	155
597	20	25	164
598	20	25	163
599	21	24	142
600	19	26	155
601	19	26	149
602	16	28	125
603	16	27	108
604	15	25	62
605	17	28	94
606	17	31	108
607	17	33	114
608	16	33	114
609	17	35	95
610	16	34	120
611	16	33	124
612	16	34	109
613	17	34	117
614	17	33	143
615	19	36	132
616	20	36	135
617	19	37	135
618	19	38	150
619	21	45	152
620	22	58	157
621	22	60	145
622	22	66	165
623	23	79	158
624	27	87	149
625	26	87	148
626	26	86	150
627	27	87	124
628	26	86	138
629	26	85	120
630	26	86	126
631	26	86	126
632	28	87	100
633	30	89	73
633	40	94	35	f
634	30	89	79
634	40	94	35	f
635	30	88	66
635	40	94	39	f
636	30	89	85
636	40	94	31	f
637	31	89	75
638	30	88	68
639	30	87	75
640	30	88	82
641	29	87	76
642	30	88	93
643	30	88	63
644	31	88	59
644	41	89	37	f
645	42	87	82
646	46	85	151
647	58	83	158
648	64	81	168
649	67	81	153
650	67	81	149
651	69	81	153
652	70	82	148
653	70	82	146
654	71	82	138
655	71	82	137
656	70	82	145
657	76	84	170
658	80	87	177
659	80	87	177
660	80	87	175
661	80	87	177
662	79	87	165
663	79	88	171
664	79	87	171
665	79	87	174
666	79	87	164
667	81	87	148
668	83	86	148
669	84	86	142
670	84	86	145
671	84	86	146
672	84	86	140
673	83	86	137
674	83	86	144
675	83	87	150
676	82	87	156
677	81	85	154
678	77	85	155
679	71	82	154
680	68	82	156
681	65	82	160
682	64	83	155
683	64	83	151
684	64	83	158
685	60	84	155
686	57	86	156
687	56	85	155
688	56	86	162
689	56	86	164
690	56	86	161
691	56	86	160
692	56	86	160
693	56	86	164
694	56	86	164
695	55	87	190
696	55	87	181
697	55	87	179
698	55	87	186
699	54	87	190
700	53	88	182
701	56	85	162
702	56	85	160
703	55	84	169
704	52	85	159
705	50	85	140
706	50	85	142
707	50	85	144
708	50	85	141
709	50	85	148
710	51	85	146
711	50	84	158
712	50	84	158
713	50	85	160
714	48	86	156
715	48	86	155
716	48	87	153
717	52	90	141
718	55	90	149
719	55	91	164
720	54	90	162
721	55	90	175
722	55	90	161
723	55	90	160
724	55	90	161
725	55	90	155
726	55	90	154
727	55	90	156
728	55	90	157
729	55	91	154
730	55	91	156
731	55	91	160
732	55	91	160
733	55	91	153
734	55	91	153
735	55	91	159
736	55	91	158
737	55	91	155
738	55	91	156
739	55	91	159
740	54	90	143
741	55	88	150
742	58	87	142
743	59	86	146
744	63	80	141
745	66	71	164
746	67	67	113
747	69	65	73
747	70	56	42	f
748	68	52	87
749	67	42	134
750	68	41	129
751	70	35	160
752	70	28	157
753	72	22	165
754	70	19	157
755	70	20	159
756	70	20	143
757	69	19	127
758	67	17	88
758	57	14	53	f
759	62	16	156
760	60	16	151
761	58	15	120
762	57	16	119
763	57	16	114
764	56	16	105
765	57	16	115
766	57	16	116
767	57	16	115
768	57	16	117
769	57	16	116
770	57	16	117
771	56	16	130
772	55	16	145
773	51	17	155
774	47	20	153
775	39	22	137
776	38	22	155
777	39	22	134
778	41	20	121
779	39	20	160
780	33	22	175
781	30	23	167
782	26	23	154
783	26	24	147
784	31	20	147
785	30	20	161
786	27	22	160
787	29	20	161
788	26	19	173
789	26	18	166
790	26	17	168
791	26	18	162
792	26	18	155
793	23	17	169
794	21	16	180
795	21	15	182
796	20	15	169
797	20	15	171
798	24	16	156
799	24	20	154
800	26	18	156
801	28	17	146
802	33	19	155
803	40	21	137
804	40	21	125
805	45	20	130
806	45	19	133
807	44	18	136
808	44	17	123
809	45	19	130
810	44	17	133
811	44	17	119
812	41	18	156
813	38	19	150
814	38	19	151
815	38	20	149
816	38	19	139
817	39	18	125
818	40	18	138
819	40	18	137
820	40	18	137
821	41	19	139
822	43	19	128
823	42	17	118
824	41	18	114
825	38	19	143
826	34	22	142
827	34	22	133
828	28	22	142
829	28	22	132
830	26	22	125
831	19	36	76
831	22	25	43	f
832	17	37	120
833	17	37	125
834	19	39	143
835	19	51	168
836	21	64	164
837	23	73	166
838	24	82	145
839	29	85	110
840	27	86	83
841	29	87	62
841	41	89	53	f
842	44	88	104
843	47	87	152
844	53	86	171
845	58	84	164
846	63	83	145
847	66	79	153
848	70	73	169
849	70	73	169
850	70	73	168
851	69	73	158
852	69	72	160
853	70	69	143
854	69	66	87
855	68	54	65
855	69	64	44	f
856	67	48	97
857	67	46	94
858	68	46	107
859	68	43	113
860	69	37	149
861	71	31	152
862	73	26	132
863	72	25	143
864	71	25	124
865	71	26	139
866	71	26	137
867	71	26	138
868	71	26	136
869	68	25	145
870	65	23	156
871	65	23	151
872	65	23	151
873	65	23	145
874	65	23	150
875	65	23	143
876	64	23	168
877	64	22	171
878	65	23	163
879	67	22	137
880	67	19	130
881	67	19	131
882	71	17	132
883	77	15	138
884	78	15	139
885	78	15	135
886	79	15	141
887	78	15	135
888	78	15	133
889	79	15	134
890	78	15	126
891	78	15	127
892	79	15	138
893	79	14	148
894	80	14	161
895	80	14	139
896	81	14	158
897	88	14	84
897	77	15	69	f
898	96	13	171
899	102	14	159
900	106	14	123
901	107	15	105
902	106	15	93
903	106	15	107
904	106	14	88
905	106	14	NP
906	119	33	47
907	119	33	42
908	118	35	65
909	119	39	158
910	119	43	153
911	122	51	176
912	122	53	184
913	121	54	187
914	121	54	186
915	118	64	173
916	114	73	177
917	115	74	169
918	114	75	170
919	113	79	160
920	114	86	164
921	114	85	167
922	116	86	166
923	117	88	165
924	118	88	156
925	117	88	155
926	115	86	139
927	110	87	146
928	106	90	152
929	103	91	103
930	100	91	92
931	100	92	91
932	89	85	88
932	98	91	67	f
933	87	85	104
934	85	85	151
935	74	83	161
936	68	82	152
937	68	82	162
938	67	82	160
939	66	83	174
940	64	82	161
941	62	83	154
942	62	83	159
943	62	83	158
944	62	83	157
945	62	83	163
946	62	83	162
947	63	83	160
948	63	83	151
949	63	83	157
950	63	83	157
951	62	83	163
952	62	83	161
953	62	83	161
954	62	83	160
955	62	83	160
956	62	83	161
957	62	83	159
958	63	83	154
959	63	83	155
960	63	83	153
961	64	83	123
962	66	81	132
963	66	80	114
964	65	79	145
965	64	72	143
966	65	73	120
967	64	71	149
968	64	72	111
969	65	69	121
970	64	65	72
971	64	65	NP
972	64	36	109
973	64	35	111
974	66	34	144
975	71	28	148
976	72	26	123
977	76	21	102
978	75	20	94
979	75	21	87
979	85	15	33	f
980	77	19	132
981	76	20	104
982	77	19	129
983	77	19	125
984	75	20	101
985	75	20	86
986	75	20	90
987	75	20	98
988	77	19	130
989	76	20	100
990	76	20	101
991	76	20	113
992	76	20	102
993	76	20	104
994	76	20	108
995	76	20	113
996	76	20	110
996	85	12	33	f
997	78	18	150
998	76	21	108
999	75	19	135
1000	72	16	136
1001	71	15	144
1002	71	15	144
1003	70	15	152
1004	70	15	153
1005	67	14	171
1006	70	15	130
1006	59	14	37	f
1007	70	16	159
1008	66	17	157
1009	64	17	166
1010	64	17	155
1011	63	17	154
1012	63	17	153
1013	63	17	160
1014	63	17	163
1015	63	17	162
1016	63	17	159
1017	63	17	159
1018	63	17	159
1019	63	17	154
1020	63	17	151
1021	63	17	153
1022	63	17	156
1023	63	17	153
1024	63	17	156
1025	63	17	156
1026	63	17	152
1027	64	16	145
1028	63	16	157
1029	63	16	154
1030	64	17	158
1031	64	17	158
1032	64	17	161
1033	64	17	161
1034	64	17	158
1035	64	16	149
1036	64	17	141
1037	64	16	142
1038	66	17	125
1039	65	17	122
1040	66	19	135
1041	66	23	116
1042	67	27	117
1043	69	33	133
1044	72	44	80
1045	71	49	81
1046	71	48	65
1047	71	46	62
1048	70	44	41
1049	71	44	58
1050	70	44	46
1051	70	48	103
1052	69	51	86
1053	69	52	58
1054	69	51	60
1055	69	51	64
1056	69	52	59
1057	69	52	72
1058	70	55	68
1059	69	54	93
1060	67	50	78
1061	67	50	NP
1062	61	46	37
1063	67	44	55
1063	61	47	49	f
1064	68	43	91
1064	61	47	31	f
1065	69	43	86
1066	69	44	80
1067	68	44	74
1067	61	46	32	f
1068	69	45	85
1069	69	46	76
1070	68	46	68
1071	68	46	59
1072	68	46	58
1073	68	46	59
1074	68	46	59
1075	68	46	59
1076	68	46	66
1077	69	46	72
1078	68	45	86
1078	61	47	36	f
1079	65	44	112
1080	65	42	115
1081	66	38	92
1082	65	38	92
1083	64	35	133
1084	65	36	92
1084	60	27	31	f
1085	65	35	99
1085	60	26	39	f
1086	65	35	92
1086	60	26	35	f
1087	66	35	84
1087	60	26	40	f
1088	66	36	74
1089	66	37	100
1090	66	36	101
1091	67	39	91
1092	66	39	102
1093	66	39	106
1094	66	39	111
1095	66	39	111
1096	66	39	117
1097	66	39	102
1098	66	38	96
1099	66	38	94
1100	65	38	101
1101	66	38	94
1102	66	38	97
1103	66	38	95
1104	65	38	106
1105	66	38	116
1106	66	37	121
1107	65	36	130
1108	65	32	104
1109	65	33	109
1110	65	31	111
1111	65	31	117
1112	65	31	114
1113	65	31	116
1114	65	31	112
1115	65	32	117
1116	65	32	122
1117	65	31	119
1118	67	26	116
1119	67	25	122
1120	68	24	126
1121	69	23	149
1122	69	23	140
1123	68	23	134
1124	68	23	133
1125	68	21	142
1126	67	18	144
1127	66	17	137
1128	64	17	147
1129	64	17	148
1130	62	16	154
1131	61	16	139
1132	59	16	123
1133	59	16	126
1134	59	16	126
1135	59	16	119
1136	58	16	122
1137	56	15	79
1137	65	15	30	f
1138	58	16	122
1139	59	16	128
1140	59	15	119
1141	58	16	135
1142	58	16	130
1143	58	15	130
1144	59	16	129
1145	58	15	130
1146	58	15	130
1147	58	16	138
1148	58	16	130
1149	58	16	130
1150	58	16	141
1151	59	16	135
1152	59	16	131
1153	58	16	123
1154	58	16	129
1155	58	16	132
1156	58	16	131
1157	58	16	132
1158	58	16	134
1159	58	16	127
1160	58	16	125
1161	58	16	122
1162	58	16	124
1163	58	16	123
1164	59	16	120
1165	58	16	123
1166	58	16	117
1167	58	16	128
1168	59	16	137
1169	59	16	133
1170	58	16	133
1171	58	16	134
1172	59	16	136
1173	59	16	132
1174	58	16	134
1175	59	16	137
1176	58	16	138
1177	59	16	138
1178	58	16	137
1179	59	16	137
1180	58	16	132
1181	58	16	133
1182	58	16	132
1183	58	16	131
1184	58	16	117
1185	56	16	81
1185	65	15	30	f
1186	59	16	128
1187	58	16	128
1188	58	16	123
1189	59	16	133
1190	58	16	134
1191	59	16	138
1192	58	16	129
1193	59	16	136
1194	59	16	137
1195	59	16	137
1196	59	16	138
1197	59	16	132
1198	59	16	135
1199	59	16	138
1200	59	16	138
1201	59	16	137
1202	59	16	136
1203	58	16	130
1204	59	16	125
1205	59	16	124
1206	58	16	128
1207	58	16	131
1208	59	16	135
1209	58	16	136
1210	59	16	136
1211	58	16	143
1212	58	16	141
1213	58	16	141
1214	58	16	143
1215	58	16	143
1216	58	16	137
1217	59	16	139
1218	59	16	140
1219	59	16	139
1220	59	16	138
1221	59	16	134
1222	59	16	130
1223	59	16	131
1224	59	16	128
1225	59	16	126
1226	59	16	128
1227	59	16	128
1228	59	16	126
1229	59	16	125
1230	59	16	128
1231	58	16	132
1232	58	16	133
1233	58	16	133
1234	58	16	133
1235	58	16	135
1236	58	16	134
1237	58	16	134
1238	59	16	140
1239	59	16	137
1240	59	16	136
1241	59	16	136
1242	59	16	136
1243	59	16	127
1244	59	16	128
1245	59	16	132
1246	59	16	125
1247	59	16	124
1248	58	16	128
1249	59	16	126
1250	59	16	126
1251	59	16	128
1252	59	16	132
1253	59	16	135
1254	59	16	140
1255	58	16	138
1256	58	16	139
1257	59	16	138
1258	59	16	142
1259	59	16	142
1260	59	16	142
1261	59	16	142
1262	59	16	137
1263	59	16	127
1264	59	16	137
1265	59	16	128
1266	59	16	134
1267	59	16	125
1268	59	16	126
1269	59	16	124
1270	59	16	128
1271	59	16	130
1272	59	16	131
1273	59	16	134
1274	59	16	132
1275	59	16	135
1276	59	16	136
1277	58	16	140
1278	58	16	141
1279	58	16	141
1280	59	16	136
1281	59	16	136
1282	59	16	125
1283	59	16	136
1284	59	16	132
1285	59	16	126
1286	59	16	133
1287	59	16	128
1288	59	16	121
1289	59	16	131
1290	59	16	130
1291	59	16	136
1292	59	16	136
1293	59	16	136
1294	59	16	137
1295	59	16	137
1296	59	16	135
1297	59	16	136
1298	59	16	136
1299	59	16	137
1300	59	16	135
1301	59	16	136
1302	59	16	135
1303	59	16	135
1304	59	16	135
1305	59	16	133
1306	59	16	131
1307	59	16	129
1308	59	16	127
1309	59	16	128
1310	59	16	128
1311	59	16	127
1312	59	16	124
1313	59	16	113
1314	59	16	124
1315	60	16	132
1316	59	16	133
1317	59	16	124
1318	59	16	142
1319	59	16	139
1320	59	16	139
1321	59	16	138
1322	60	16	136
1323	60	16	135
1324	59	16	140
1325	59	16	141
1326	59	16	141
1327	59	16	141
1328	60	16	135
1329	60	16	133
1330	60	16	133
1331	59	17	132
1332	60	17	131
1333	60	17	129
1334	60	17	128
1335	60	17	129
1336	60	16	124
1337	60	16	128
1338	60	17	138
1339	60	17	129
1340	60	17	104
1341	62	19	135
1342	64	24	152
1343	66	26	143
1344	68	33	147
1345	72	40	86
1346	71	43	40
1347	71	43	45
1348	70	49	96
1349	69	51	103
1350	70	49	111
1351	70	51	97
1352	70	49	104
1353	70	50	98
1354	71	50	114
1355	71	49	105
1356	71	49	105
1357	69	53	76
1358	70	55	70
1359	68	55	66
1360	61	51	53
1360	66	49	38	f
1361	66	46	57
1361	61	50	57	f
1362	66	45	65
1362	61	49	54	f
1363	66	44	67
1363	61	49	46	f
1364	64	44	133
1365	66	42	85
1365	61	48	45	f
1366	65	44	136
1367	65	44	135
1368	64	45	125
1369	66	43	82
1369	61	47	30	f
1370	65	39	126
1371	64	38	140
1372	66	36	153
1373	67	34	138
1374	67	33	125
1375	66	34	121
1376	65	36	102
1377	65	36	104
1378	65	36	99
1379	65	35	108
1380	65	35	99
1381	65	34	103
1382	65	34	103
1383	65	34	104
1384	64	33	133
1385	65	34	107
1385	60	25	33	f
1386	65	34	109
1387	64	32	135
1388	64	32	142
1389	65	34	98
1389	59	25	48	f
1390	64	31	138
1391	65	32	133
1392	67	23	129
1393	68	21	139
1394	68	21	142
1395	68	20	154
1396	69	21	147
1397	68	22	134
1398	70	21	160
1399	71	20	148
1400	70	20	136
1401	70	20	136
1402	71	20	146
1403	72	19	132
1404	77	17	147
1405	81	18	143
1406	89	21	105
1406	78	17	37	f
1407	92	21	152
1408	94	21	138
1409	95	20	149
1410	95	20	149
1411	95	20	148
1412	94	21	133
1413	95	21	141
1414	100	22	73
1415	100	22	NP
1416	100	22	NP
1417	100	22	NP
1418	100	22	NP
1419	100	22	NP
1420	100	22	NP
1421	100	22	NP
1422	100	22	NP
1423	100	22	NP
1424	100	22	NP
1425	100	22	NP
1426	100	22	NP
1427	100	22	NP
1428	114	14	46
1429	112	14	49
1430	105	15	73
1431	98	14	144
1432	94	14	136
1433	93	15	143
1434	90	15	134
1435	90	15	135
1436	90	15	134
1437	90	15	141
1438	89	17	150
1439	89	19	125
1440	92	21	141
1441	93	21	142
1442	95	21	139
1443	95	21	138
1444	94	20	137
1445	93	19	148
1446	93	19	158
1447	93	19	156
1448	93	19	153
1449	93	19	139
1450	91	17	157
1451	90	17	133
1452	90	16	136
1453	90	16	138
1454	91	17	127
1455	91	18	116
1456	91	18	127
1457	90	18	116
1458	91	18	124
1459	91	17	136
1460	91	15	139
1461	93	12	147
1462	93	12	138
1463	95	12	155
1464	97	12	165
1465	102	12	173
1466	103	12	172
1467	105	12	180
1468	104	12	183
1469	102	12	161
1470	99	13	140
1471	97	13	140
1472	99	13	158
1473	99	13	158
1474	99	13	156
1475	99	13	156
1476	98	13	149
1477	98	12	154
1478	97	13	151
1479	96	13	136
1480	97	13	134
1481	99	13	154
1482	99	13	166
1483	100	13	176
1484	103	13	187
1485	108	12	187
1486	114	13	167
1487	114	13	163
1488	107	13	135
1489	107	14	91
1490	107	14	NP
1491	116	35	60
1492	118	40	159
1493	122	57	164
1494	118	70	171
1495	116	74	174
1496	116	75	171
1497	116	75	176
1498	114	81	164
1499	113	85	160
1500	110	86	167
1501	106	89	158
1502	103	89	126
1503	97	87	163
1504	95	86	150
1505	90	85	61
1505	98	89	53	f
1506	89	87	75
1506	98	89	61	f
1507	85	89	143
1508	80	90	157
1509	70	90	157
1510	57	91	162
1511	56	92	160
1512	58	91	155
1513	58	90	153
1514	59	90	154
1515	58	90	153
1516	60	87	162
1517	61	82	160
1518	65	71	148
1519	66	68	117
1520	66	68	116
1521	66	68	122
1522	67	64	61
1522	69	55	57	f
1523	69	55	65
1523	69	64	39	f
1524	68	53	69
1525	67	51	70
1526	66	45	104
1527	64	37	121
1528	65	31	100
1529	62	22	144
1530	62	19	162
1531	62	19	151
1532	63	18	156
1533	64	18	146
1534	64	17	150
1535	65	17	156
1536	64	19	132
1537	61	19	165
1538	60	19	171
1539	58	19	134
1540	58	18	123
1541	49	19	147
1542	33	22	164
1543	24	22	171
1544	22	23	163
1545	22	23	167
1546	22	22	174
1547	22	22	170
1548	22	22	172
1549	23	22	169
1550	21	23	173
1551	25	22	155
1552	26	23	126
1553	23	27	137
1554	19	40	130
1555	18	47	158
1556	20	57	156
1557	22	69	168
1558	23	80	160
1559	28	87	116
1560	28	86	83
1561	28	87	88
1562	28	87	89
1563	28	87	82
1564	28	87	77
1565	28	87	85
1566	28	89	75
1567	29	89	80
1567	41	91	39	f
1568	28	89	77
1568	41	89	39	f
1569	41	88	65
1569	31	89	36	f
1570	44	87	111
1571	45	87	132
1572	47	85	140
1573	49	85	137
1574	52	84	153
1575	53	84	149
1576	53	84	150
1577	53	84	151
1578	52	84	141
1579	53	84	147
1580	58	83	143
1581	59	83	136
1582	57	84	153
1583	58	84	160
1584	59	84	157
1585	65	82	137
1586	67	80	147
1587	69	73	155
1588	69	72	140
1589	68	71	159
1590	68	71	154
1591	69	72	137
1592	69	71	138
1593	69	71	134
1594	69	70	138
1595	68	71	120
1596	69	71	130
1597	69	71	130
1598	69	71	133
1599	69	71	131
1600	69	71	130
1601	69	71	127
1602	69	71	136
1603	69	71	139
1604	69	71	136
1605	69	71	138
1606	69	71	138
1607	69	71	143
1608	69	71	134
1609	69	71	127
1610	69	71	142
1611	69	72	131
1612	69	72	132
1613	69	72	135
1614	69	73	117
1615	69	72	132
1616	68	71	142
1617	68	70	129
1618	67	72	141
1619	66	73	153
1620	66	73	137
1621	65	74	141
1622	65	74	143
1623	65	76	134
1624	65	78	133
1625	66	78	150
1626	69	78	156
1627	71	81	164
1628	74	81	150
1629	74	81	151
1630	74	81	151
1631	74	81	149
1632	73	82	142
1633	74	82	146
1634	74	82	140
1635	77	83	160
1636	78	84	155
1637	79	84	168
1638	83	87	173
1639	85	88	144
1640	85	89	135
1641	85	88	133
1642	85	89	153
1643	85	89	150
1644	85	88	142
1645	84	88	146
1646	85	88	149
1647	85	88	149
1648	85	88	148
1649	84	88	138
1650	83	88	136
1651	83	88	139
1652	83	88	129
1653	84	88	139
1654	83	89	146
1655	83	89	145
1656	84	88	133
1657	85	88	133
1658	84	88	132
1659	85	88	133
1660	85	88	132
1661	85	88	126
1662	85	88	131
1663	85	88	125
1664	85	88	131
1665	85	87	134
1666	84	88	129
1667	84	87	147
1668	85	87	136
1669	85	87	138
1670	85	87	134
1671	85	87	139
1672	85	87	145
1673	85	87	140
1674	86	87	126
1675	89	88	121
1676	89	87	132
1677	88	88	144
1678	87	89	153
1679	88	89	148
1680	88	89	149
1681	88	89	152
1682	88	89	151
1683	88	89	152
1684	88	88	136
1685	87	89	140
1686	87	89	140
1687	87	89	139
1688	87	89	139
1689	88	89	137
1690	88	89	140
1691	87	89	143
1692	87	89	142
1693	87	88	138
1694	87	89	146
1695	86	89	143
1696	85	89	141
1697	85	90	134
1698	86	90	137
1699	86	90	135
1700	85	90	142
1701	86	90	140
1702	82	88	156
1703	80	87	157
1704	79	86	160
1705	76	84	176
1706	77	85	165
1707	78	86	155
1708	79	85	143
1709	79	86	144
1710	79	86	146
1711	79	86	142
1712	79	86	154
1713	78	85	170
1714	78	85	165
1715	78	85	165
1716	78	85	170
1717	78	85	171
1718	78	86	163
1719	74	86	147
1720	69	88	156
1721	66	90	164
1722	60	92	149
1723	56	93	147
1724	52	94	161
1725	52	93	164
1726	53	93	155
1727	52	93	168
1728	50	92	140
1729	47	90	148
1730	46	90	157
1731	46	90	161
1732	46	90	153
1733	46	89	135
1734	46	89	136
1735	47	89	140
1736	46	88	166
1737	47	89	144
1738	47	90	127
1739	48	87	156
1740	48	87	155
1741	48	87	155
1742	47	88	137
1743	47	88	139
1744	47	88	137
1745	47	88	134
1746	47	88	132
1747	50	86	165
1748	52	84	124
1749	54	83	139
1750	54	83	136
1751	56	83	145
1752	58	83	166
1753	66	84	180
1754	73	84	155
1755	75	84	154
1756	74	84	149
1757	73	84	134
1758	74	84	135
1759	73	84	116
1760	72	83	141
1761	70	82	139
1762	71	79	160
1763	70	70	143
1764	71	67	99
1765	69	51	84
1766	70	46	106
1767	72	33	139
1768	72	30	126
1769	69	26	145
1770	68	24	153
1771	63	22	154
1772	63	22	157
1773	63	22	166
1774	63	22	166
1775	63	22	165
1776	61	19	165
1777	58	17	153
1778	59	18	153
1779	59	18	143
1780	60	18	138
1781	60	18	135
1782	60	19	137
1783	60	18	134
1784	60	18	159
1785	59	18	158
1786	59	18	158
1787	59	18	158
1788	59	18	158
1789	59	18	159
1790	59	18	159
1791	59	18	156
1792	59	18	159
1793	60	19	151
1794	60	19	147
1795	59	19	143
1796	59	19	144
1797	60	19	139
1798	60	19	140
1799	59	19	143
1800	60	19	140
1801	59	19	141
1802	60	19	146
1803	60	19	140
1804	59	19	144
1805	59	19	146
1806	59	19	144
1807	59	19	144
1808	59	19	143
1809	59	19	144
1810	59	19	143
1811	60	19	152
1812	59	19	145
1813	60	19	140
1814	60	19	139
1815	59	19	144
1816	59	19	143
1817	59	19	144
1818	59	19	145
1819	59	19	145
1820	59	19	148
1821	60	18	156
1822	60	19	148
1823	60	18	147
1824	60	17	164
1825	60	17	161
1826	61	17	150
1827	61	17	144
1828	62	18	139
1829	63	18	157
1830	63	18	137
1831	64	18	138
1832	64	18	133
1833	64	17	143
1834	64	17	143
1835	63	18	145
1836	63	19	149
1837	65	19	154
1838	67	17	157
1839	72	16	140
1840	78	14	133
1841	80	14	156
1842	80	14	157
1843	80	14	159
1844	79	14	137
1845	77	15	133
1846	77	15	131
1847	76	15	132
1848	76	15	131
1849	76	15	131
1850	76	15	131
1851	78	15	149
1852	79	15	143
1853	79	15	146
1854	74	15	87
1854	87	14	50	f
1855	75	15	81
1855	86	16	52	f
1856	78	15	155
1857	76	14	109
1858	75	14	104
1859	75	17	124
1860	75	18	119
1861	75	18	132
1862	74	18	143
1863	73	24	150
1864	72	27	143
1865	71	33	123
1866	70	32	120
1867	69	36	126
1868	67	40	82
1869	62	50	66
1869	66	46	37	f
1870	62	50	68
1870	66	45	30	f
1871	61	48	58
1871	66	46	36	f
1872	67	49	58
1872	61	47	53	f
1873	69	55	65
1873	61	53	42	f
1874	69	55	69
1874	62	53	34	f
1875	69	55	64
1875	62	53	34	f
1876	69	54	69
1876	62	53	34	f
1877	69	54	71
1877	62	53	34	f
1878	68	54	59
1878	62	53	33	f
1879	68	54	68
1879	62	53	30	f
1880	69	54	71
1880	61	52	41	f
1881	68	54	56
1881	62	53	36	f
1882	69	54	65
1882	62	53	36	f
1883	68	53	73
1884	68	50	86
1885	68	49	96
1886	69	48	110
1887	69	46	124
1888	69	46	126
1889	69	45	116
1890	69	46	116
1891	68	44	127
1892	68	44	128
1893	68	47	109
1894	68	45	124
1895	68	45	130
1896	68	45	129
1897	67	45	115
1898	68	45	125
1899	68	45	130
1900	68	45	133
1901	67	46	114
1902	68	45	121
1903	68	44	119
1904	68	43	132
1905	67	42	132
1906	67	40	142
1907	68	30	143
1908	68	28	142
1909	69	25	152
1910	70	22	152
1911	71	19	151
1912	71	19	153
1913	72	19	150
1914	71	19	144
1915	73	17	119
1916	73	16	118
1917	73	16	110
1918	73	16	110
1919	74	16	121
1920	73	16	130
1921	72	17	136
1922	71	16	135
1923	71	16	146
1924	70	17	145
1925	67	16	154
1926	62	16	159
1927	59	17	153
1928	60	16	152
1929	60	16	152
1930	60	16	139
1931	60	17	157
1932	59	17	160
1933	59	17	160
1934	59	17	161
1935	59	17	156
1936	59	17	153
1937	60	16	153
1938	59	16	151
1939	60	16	151
1940	60	16	150
1941	60	16	150
1942	60	16	151
1943	60	16	150
1944	60	16	145
1945	61	16	152
1946	61	17	159
1947	61	17	144
1948	64	18	132
1949	65	18	132
1950	67	22	139
1951	68	27	136
1952	70	31	145
1953	72	42	105
1954	71	49	105
1955	71	47	39
1956	71	47	NP
1957	72	49	81
1958	71	45	37
1959	71	50	79
1960	70	46	36
1961	69	54	49
1962	70	49	69
1963	70	56	68
1964	70	56	65
1965	69	56	51
1966	70	56	63
1967	70	56	60
1968	70	56	62
1969	70	56	54
1970	70	56	60
1971	69	55	75
1972	67	52	74
1973	67	49	98
1974	67	45	101
1975	67	44	122
1976	67	38	127
1977	68	38	133
1978	68	38	130
1979	67	38	141
1980	67	38	134
1981	67	38	140
1982	67	38	141
1983	67	38	145
1984	67	38	141
1985	67	38	142
1986	67	38	138
1987	67	38	142
1988	67	39	142
1989	67	38	139
1990	67	38	136
1991	67	38	139
1992	67	39	130
1993	67	40	112
1994	67	41	114
1995	67	40	124
1996	67	40	121
1997	67	40	118
1998	68	41	109
1999	68	41	109
2000	68	43	89
2001	68	42	89
2002	68	42	89
2003	68	43	93
2004	68	41	108
2005	68	41	99
2006	68	42	100
2007	67	41	113
2008	67	41	114
2009	67	41	109
2010	67	41	111
2011	67	41	109
2012	67	41	111
2013	67	41	102
2014	67	41	105
2015	67	41	107
2016	67	41	107
2017	67	41	103
2018	67	42	108
2019	67	41	105
2020	67	41	106
2021	67	41	108
2022	67	41	111
2023	67	40	108
2024	67	41	115
2025	67	40	110
2026	67	40	112
2027	67	41	108
2028	67	41	114
2029	67	41	118
2030	67	41	115
2031	67	41	115
2032	67	41	115
2033	67	42	109
2034	67	41	107
2035	67	41	111
2036	67	41	109
2037	67	41	112
2038	67	41	111
2039	67	41	111
2040	67	41	111
2041	67	41	107
2042	67	41	117
2043	67	41	110
2044	67	41	108
2045	67	41	114
2046	67	41	111
2047	67	41	113
2048	67	41	112
2049	67	41	112
2050	67	41	113
2051	67	41	111
2052	67	41	110
2053	67	41	109
2054	67	41	118
2055	67	41	116
2056	67	41	118
2057	67	41	116
2058	67	41	117
2059	67	41	114
2060	67	41	117
2061	67	41	118
2062	67	41	115
2063	67	41	118
2064	67	41	117
2065	67	41	114
2066	67	41	115
2067	67	41	115
2068	67	41	112
2069	67	41	114
2070	67	41	115
2071	67	41	116
2072	67	41	114
2073	67	41	117
2074	67	41	114
2075	67	41	118
2076	67	41	114
2077	67	41	116
2078	67	42	110
2079	67	42	102
2080	67	41	109
2081	68	42	90
2082	65	39	97
2083	66	35	97
2084	65	33	112
2085	65	33	123
2086	66	35	125
2087	67	33	132
2088	70	30	141
2089	70	29	130
2090	70	28	131
2091	70	29	109
2092	69	29	113
2093	70	30	117
2094	69	33	128
2095	69	33	122
2096	69	32	103
2097	69	31	100
2098	69	30	101
2099	68	29	115
2100	69	27	118
2101	69	29	108
2102	69	28	121
2103	70	26	134
2104	70	27	125
2105	70	26	130
2106	70	27	129
2107	73	23	140
2108	75	20	110
2109	77	20	132
2110	88	19	83
2110	77	20	52	f
2111	91	20	159
2112	98	21	113
2113	102	23	56
2114	102	23	NP
2115	102	23	NP
2116	102	23	NP
2117	102	23	NP
2118	102	23	NP
2119	118	33	40
2120	118	33	36
2121	116	38	115
2122	117	47	182
2123	115	65	177
2124	114	77	177
2125	112	84	172
2126	109	87	175
2127	106	90	166
2128	106	89	166
2129	105	89	145
2130	105	89	145
2131	104	89	141
2132	103	90	126
2133	99	91	82
2133	88	92	38	f
2134	87	92	82
2134	99	91	76	f
2135	87	91	98
2136	84	89	153
2137	78	86	177
2138	72	83	141
2139	72	83	121
2140	70	83	166
2141	71	83	155
2142	71	82	141
2143	71	82	141
2144	71	82	158
2145	70	76	164
2146	69	74	149
2147	69	70	125
2148	69	70	129
2149	68	70	120
2150	69	69	110
2151	67	67	107
2152	67	66	95
2153	67	66	79
2154	67	66	98
2155	67	66	84
2156	67	66	87
2157	67	66	92
2158	66	66	95
2159	66	66	94
2160	66	66	94
2161	66	66	95
2162	67	66	100
2163	67	66	84
2164	66	66	90
2165	66	66	92
2166	66	66	93
2167	66	66	96
2168	66	66	96
2169	66	66	96
2170	67	66	99
2171	67	67	90
2172	67	66	93
2173	66	66	94
2174	66	66	92
2175	66	66	92
2176	66	66	95
2177	66	66	93
2178	66	66	95
2178	68	55	47	f
2179	68	65	62
2179	69	55	47	f
2180	69	53	82
2181	68	52	79
2182	68	51	92
2183	67	46	94
2184	63	39	70
2185	66	39	93
2186	67	40	82
2187	66	41	85
2188	67	42	93
2189	66	43	102
2190	67	42	101
2191	66	41	100
2192	67	41	97
2193	67	42	93
2194	67	42	92
2195	67	42	89
2196	66	42	91
2197	66	42	93
2198	66	42	93
2199	67	42	93
2200	67	42	99
2201	67	42	104
2202	67	41	102
2203	67	41	102
2204	67	41	103
2205	67	42	101
2206	67	42	100
2207	67	43	95
2208	67	43	96
2209	67	43	96
2210	67	42	106
2211	67	43	97
2212	67	42	103
2213	67	42	103
2214	67	43	100
2215	67	42	100
2216	67	43	103
2217	67	43	96
2218	67	43	95
2219	67	43	93
2220	67	43	92
2221	67	43	87
2222	67	43	90
2223	67	43	93
2224	67	42	104
2225	67	43	98
2226	67	42	102
2227	67	43	97
2228	67	42	100
2229	67	42	107
2230	67	42	108
2231	67	42	102
2232	67	43	100
2233	66	42	106
2234	67	44	91
2235	67	43	99
2236	67	43	102
2237	67	43	103
2238	66	43	104
2239	67	44	81
2240	67	43	94
2241	67	43	95
2242	67	43	99
2243	66	43	101
2244	67	43	107
2245	66	43	104
2246	66	43	107
2247	67	43	105
2248	67	44	96
2249	67	43	99
2250	67	43	96
2251	67	43	96
2252	67	43	91
2253	67	43	99
2254	67	43	96
2255	67	43	96
2256	67	43	100
2257	67	43	97
2258	67	43	91
2259	67	42	94
2260	67	43	102
2261	67	42	116
2262	65	41	115
2263	65	39	137
2264	66	39	120
2265	65	36	148
2266	65	38	140
2267	65	38	145
2268	65	38	147
2269	64	36	168
2270	64	37	161
2271	65	38	137
2272	65	38	139
2273	65	38	142
2274	65	38	142
2275	65	38	143
2276	65	38	136
2277	65	38	136
2278	65	38	137
2279	65	38	135
2280	65	38	139
2281	65	38	136
2282	65	38	138
2283	65	38	141
2284	65	38	141
2285	65	38	141
2286	65	38	141
2287	65	38	141
2288	65	40	127
2289	65	39	135
2290	66	39	124
2291	65	39	139
2292	65	38	142
2293	65	38	147
2294	65	38	155
2295	65	38	147
2296	65	37	151
2297	65	38	137
2298	65	33	130
2299	65	28	123
2300	65	20	126
2301	66	19	142
2302	66	19	161
2303	66	20	165
2304	66	20	159
2305	66	21	130
2306	64	21	147
2307	63	21	150
2308	61	20	144
2309	60	20	137
2310	60	20	140
2311	60	19	141
2312	60	19	138
2313	60	19	150
2314	60	19	143
2315	59	20	135
2316	57	19	102
2317	56	20	112
2318	54	19	129
2319	56	20	103
2319	45	19	30	f
2320	54	19	137
2321	54	19	132
2322	56	20	105
2323	56	20	105
2324	56	20	105
2325	56	20	106
2326	56	20	106
2327	57	19	100
2328	56	19	110
2329	56	19	110
2330	56	20	110
2331	56	20	110
2332	56	20	109
2333	56	20	108
2334	56	19	108
2335	56	19	104
2336	56	19	107
2337	56	19	105
2338	56	19	105
2339	56	19	108
2340	56	19	105
2341	56	19	104
2342	56	19	108
2343	56	19	103
2344	56	19	101
2345	56	19	108
2346	56	19	100
2347	56	19	103
2348	56	19	105
2349	57	19	98
2350	56	19	104
2351	56	19	98
2352	56	19	98
2353	56	19	101
2354	56	19	104
2355	56	19	109
2356	56	19	112
2357	54	19	127
2358	54	19	124
2359	54	19	131
2360	56	19	98
2361	54	19	131
2362	57	19	100
2363	54	19	139
2364	54	19	135
2365	54	19	132
2366	56	19	105
2367	56	20	109
2368	56	19	100
2369	56	19	103
2370	56	19	104
2371	56	19	104
2372	56	20	105
2373	56	20	104
2374	54	19	125
2375	54	19	123
2376	54	19	133
2377	56	19	119
2378	55	19	82
2378	44	23	59	f
2379	55	19	77
2380	56	19	89
2381	55	19	90
2382	56	19	91
2383	56	19	94
2384	56	19	91
2385	56	19	82
2385	44	20	34	f
2386	55	19	81
2386	45	20	58	f
2387	55	19	74
2387	44	20	59	f
2388	55	19	75
2388	44	19	49	f
2389	50	19	132
2390	55	19	74
2390	43	19	56	f
2391	55	19	77
2391	44	19	49	f
2392	51	19	144
2393	47	18	145
2394	41	19	113
2395	37	20	158
2396	30	22	155
2397	26	22	171
2398	24	23	172
2399	26	21	157
2400	26	22	142
2401	26	21	151
2402	26	21	157
2403	25	22	163
2404	25	22	171
2405	25	22	169
2406	25	22	171
2407	25	22	173
2408	27	22	140
2409	27	23	125
2410	25	24	83
2410	18	34	35	f
2411	20	36	75
2411	21	25	50	f
2412	20	42	146
2413	21	53	160
2414	22	72	157
2415	24	85	159
2416	23	85	123
2417	25	85	127
2418	28	85	112
2419	41	89	63
2419	30	87	52	f
2420	45	89	136
2421	54	87	154
2422	57	86	146
2423	57	86	138
2424	56	86	130
2425	56	86	141
2426	57	85	149
2427	59	83	159
2428	64	77	157
2429	66	72	149
2430	67	72	146
2431	68	71	155
2432	68	71	155
2433	68	71	155
2434	67	72	144
2435	66	73	158
2436	65	72	163
2437	66	72	164
2438	66	73	154
2439	67	72	140
2440	68	71	159
2441	68	70	140
2442	68	70	147
2443	68	70	151
2444	68	69	139
2445	68	69	132
2446	68	70	136
2447	68	70	133
2448	68	70	132
2449	68	70	131
2450	68	70	134
2451	68	69	122
2452	69	67	105
2453	69	67	104
2454	68	67	105
2455	68	68	122
2456	68	68	127
2457	69	68	138
2458	70	69	135
2459	69	69	128
2460	69	70	122
2461	67	71	132
2462	69	72	147
2463	69	74	151
2464	71	76	163
2465	73	78	146
2466	75	82	158
2467	81	87	139
2468	82	88	132
2469	84	88	139
2470	85	87	135
2471	85	87	135
2472	85	87	133
2473	84	87	132
2474	84	87	135
2475	84	87	138
2476	84	87	138
2477	83	87	137
2478	84	87	139
2479	84	87	136
2480	82	89	137
2481	83	89	142
2482	83	89	129
2483	84	89	134
2484	86	89	123
2485	85	90	146
2486	85	90	137
2487	82	93	148
2488	82	92	145
2489	80	91	143
2490	74	91	136
2491	71	92	152
2492	64	91	145
2493	56	93	162
2494	52	93	149
2495	49	92	152
2496	49	90	142
2497	47	89	143
2498	46	88	125
2499	48	87	147
2500	51	85	141
2501	53	84	144
2502	53	83	141
2503	54	83	143
2504	54	83	136
2505	55	83	130
2506	55	83	144
2507	55	83	150
2508	55	83	146
2509	55	83	154
2510	55	83	153
2511	55	83	154
2512	55	83	152
2513	55	83	135
2514	55	83	144
2515	55	83	150
2516	55	83	149
2517	55	83	151
2518	55	83	145
2519	55	83	140
2520	55	83	139
2521	55	83	135
2522	55	83	138
2523	54	83	132
2524	55	83	137
2525	55	83	136
2526	55	83	135
2527	55	83	136
2528	55	83	136
2529	55	83	137
2530	55	83	142
2531	55	83	145
2532	55	83	146
2533	55	83	144
2534	55	83	138
2535	55	83	139
2536	55	83	137
2537	55	83	137
2538	55	83	137
2539	54	83	143
2540	54	83	141
2541	54	83	142
2542	54	83	138
2543	54	83	141
2544	54	83	148
2545	55	83	151
2546	55	83	151
2547	55	83	145
2548	55	83	140
2549	55	83	144
2550	57	83	152
2551	61	81	156
2552	69	71	154
2553	70	68	119
2554	70	67	108
2555	70	63	47
2555	68	56	46	f
2556	68	55	60
2557	68	49	106
2558	67	45	81
2559	67	44	94
2560	67	39	105
2561	64	30	126
2562	69	18	142
2563	69	19	143
2564	71	18	126
2565	72	17	118
2566	72	17	118
2567	73	17	123
2568	76	16	134
2569	78	16	158
2570	81	16	140
2571	87	14	69
2571	78	16	49	f
2572	88	17	90
2572	78	15	48	f
2573	90	20	148
2574	94	21	161
2575	97	21	134
2576	99	22	113
2577	101	23	82
2578	101	22	59
2579	101	22	64
2580	101	22	63
2581	102	21	60
2582	102	21	56
2583	102	21	NP
2584	102	21	NP
2585	102	21	NP
2586	119	32	30
2587	119	32	NP
2588	119	32	NP
2589	119	32	NP
2590	119	32	NP
2591	119	32	NP
2592	119	33	39
2593	119	33	43
2594	118	38	120
2595	116	58	173
2596	115	72	179
2597	114	78	163
2598	113	81	136
2599	113	81	147
2600	113	81	146
2601	113	81	150
2602	115	84	173
2603	115	84	164
2604	117	84	162
2605	118	84	166
2606	119	86	173
2607	116	83	158
2608	109	88	159
2609	104	91	135
2610	100	91	92
2611	100	91	89
2612	100	91	90
2613	100	91	87
2614	97	91	118
2615	100	91	85
2616	100	91	84
2617	100	91	89
2618	87	91	90
2619	75	90	155
2620	66	86	152
2621	66	86	150
2622	66	86	150
2623	64	86	156
2624	59	89	167
2625	54	89	172
2626	53	90	158
2627	49	90	140
2628	46	89	140
2629	47	89	139
2630	47	88	140
2631	48	86	154
2632	52	84	155
2633	53	83	143
2634	54	83	148
2635	56	82	154
2636	61	80	164
2637	66	77	167
2638	70	70	130
2639	70	69	128
2640	70	69	127
2641	70	68	121
2642	70	66	103
2643	70	65	88
2644	69	55	55
2644	70	64	53	f
2645	68	52	87
2646	67	48	112
2647	67	46	102
2648	68	47	101
2649	68	46	106
2650	68	44	125
2651	70	39	143
2652	70	29	142
2653	72	25	150
2654	74	22	139
2655	74	20	123
2656	74	20	121
2657	74	20	121
2658	74	20	123
2659	74	20	122
2660	75	20	104
2661	75	20	113
2662	75	20	115
2663	75	20	116
2664	75	20	117
2665	75	21	110
2666	74	21	100
2667	75	21	104
2668	75	20	114
2669	75	20	114
2670	79	17	170
2671	80	16	163
2672	79	17	149
2673	75	19	137
2674	70	18	130
2675	64	16	155
2676	64	16	138
2677	68	16	93
2677	57	16	47	f
2678	64	16	157
2679	63	16	157
2680	63	16	156
2681	63	15	167
2682	63	16	160
2683	64	16	163
2684	61	17	153
2685	59	17	145
2686	59	17	131
2687	59	18	137
2688	59	18	128
2689	59	17	130
2690	60	21	151
2691	60	21	142
2692	62	22	140
2693	67	23	140
2694	68	23	130
2695	67	22	124
2696	67	22	124
2697	67	22	125
2698	67	22	125
2699	67	22	124
2700	68	22	134
2701	70	21	146
2702	71	22	149
2703	69	22	127
2704	71	21	152
2705	70	21	162
2706	70	22	154
2707	70	22	144
2708	70	22	150
2709	70	22	151
2710	70	22	149
2711	70	22	144
2712	70	22	144
2713	70	22	142
2714	69	23	118
2715	69	23	117
2716	69	23	123
2717	70	22	129
2718	69	23	130
2719	69	23	129
2720	70	23	138
2721	69	23	124
2722	70	22	138
2723	72	22	133
2724	74	20	111
2725	74	20	115
2726	74	21	118
2727	74	21	118
2728	73	21	118
2729	73	21	120
2730	71	20	131
2731	71	21	126
2732	71	22	145
2733	71	29	149
2734	71	34	149
2735	69	38	154
2736	69	43	126
2737	68	46	100
2737	62	54	45	f
2738	68	52	63
2738	61	55	32	f
2739	69	52	79
2740	68	51	79
2741	67	49	61
2741	62	49	30	f
2742	65	47	118
2743	63	41	116
2744	63	38	130
2745	64	37	121
2746	63	34	115
2747	63	30	127
2748	64	27	132
2749	64	27	120
2750	64	27	123
2751	64	26	139
2752	66	25	108
2753	66	26	120
2754	66	23	147
2755	66	21	146
2756	66	21	156
2757	66	21	154
2758	63	24	147
2759	63	24	149
2760	63	24	153
2761	63	23	144
2762	63	23	143
2763	60	20	157
2764	59	17	145
2765	59	18	138
2766	59	19	109
2767	59	18	123
2768	60	18	121
2769	60	18	136
2770	60	18	146
2771	61	18	152
2772	62	17	168
2773	62	16	171
2774	62	16	165
2775	62	16	167
2776	62	16	168
2777	62	16	168
2778	62	16	168
2779	62	16	167
2780	62	16	164
2781	62	16	165
2782	62	17	160
2783	62	16	163
2784	62	17	160
2785	62	17	160
2786	62	17	159
2787	62	16	163
2788	62	16	165
2789	62	16	164
2790	62	16	166
2791	62	16	166
2792	61	17	140
2793	62	14	142
2794	62	14	135
2795	61	13	132
2796	63	13	146
2797	63	13	136
2798	63	13	131
2799	63	13	136
2800	64	13	143
2801	63	13	139
2802	64	13	132
2803	64	13	134
2804	64	14	136
2805	64	14	135
2806	64	14	132
2807	64	14	137
2808	64	13	132
2809	64	13	132
2810	63	13	131
2811	63	13	132
2812	63	13	134
2813	63	13	134
2814	64	13	136
2815	63	13	135
2816	63	14	138
2817	63	14	137
2818	63	13	129
2819	63	13	132
2820	64	13	144
2821	63	13	141
2822	64	14	143
2823	63	13	133
2824	63	13	138
2825	64	14	138
2826	64	14	135
2827	64	14	139
2828	64	13	140
2829	64	14	145
2830	63	13	139
2831	63	13	138
2832	63	13	136
2833	63	13	139
2834	63	13	138
2835	63	13	134
2836	64	13	144
2837	63	14	136
2838	64	14	144
2839	65	14	157
2840	66	15	157
2841	70	16	142
2842	71	16	122
2843	72	17	117
2844	72	17	120
2845	73	17	126
2846	73	18	137
2847	73	18	138
2848	73	18	132
2849	72	18	127
2850	72	17	130
2851	71	16	123
2852	72	15	132
2853	72	16	129
2854	72	16	123
2855	72	16	118
2856	72	16	113
2857	72	16	115
2858	72	16	115
2859	72	16	115
2860	72	16	115
2861	72	16	111
2862	72	16	112
2863	72	16	114
2864	72	16	125
2865	76	15	130
2866	80	15	111
2867	79	15	110
2868	79	15	106
2869	79	15	115
2870	80	16	142
2871	80	15	132
2872	80	15	136
2873	80	15	137
2874	80	15	136
2875	80	15	137
2876	80	15	132
2877	79	15	120
2878	80	16	135
2879	87	20	93
2879	77	14	44	f
2880	90	20	132
2881	93	21	165
2882	92	21	156
2883	91	20	159
2884	89	18	125
2885	86	18	85
2886	84	17	85
2887	85	17	69
2888	84	16	76
2889	82	18	112
2890	80	18	109
2891	80	18	113
2892	76	19	93
2892	85	16	35	f
2893	74	23	136
2894	73	24	154
2895	70	27	134
2896	70	27	125
2897	70	27	117
2898	67	25	152
2899	65	24	149
2900	66	24	129
2901	65	24	149
2902	65	24	144
2903	64	24	159
2904	64	23	161
2905	64	23	152
2906	64	24	148
2907	64	24	161
2908	66	25	135
2909	66	23	141
2910	64	18	127
2911	64	18	135
2912	65	19	138
2913	67	18	145
2914	70	16	138
2915	73	16	122
2916	75	15	127
2917	74	16	120
2918	75	16	109
2919	76	17	124
2920	75	17	119
2921	75	17	120
2922	75	17	121
2923	75	17	117
2924	75	16	96
2925	75	16	88
2926	75	16	103
2927	74	16	102
2928	74	16	100
2929	74	16	100
2930	74	16	104
2931	74	16	102
2932	74	16	110
2933	75	16	109
2934	75	16	104
2935	76	18	105
2936	75	19	118
2937	73	22	144
2938	71	29	152
2939	69	37	149
2940	68	43	146
2941	68	47	129
2942	68	49	124
2943	69	50	126
2944	69	51	131
2945	69	50	108
2946	69	51	107
2947	69	51	93
2948	68	50	77
2949	68	49	89
2950	68	48	77
2951	68	48	73
2952	70	44	106
2953	72	35	125
2954	71	33	143
2955	69	30	139
2956	70	31	127
2957	70	30	135
2958	70	31	136
2959	70	31	122
2960	69	31	109
2961	68	30	99
2962	68	30	107
2963	69	30	109
2964	69	30	109
2965	69	30	109
2966	69	30	109
2967	69	30	109
2968	68	29	115
2969	68	30	116
2970	68	30	112
2971	69	30	109
2972	69	30	106
2973	69	30	105
2974	69	30	105
2975	69	30	103
2976	69	30	102
2977	69	30	107
2978	69	31	95
2979	68	32	113
2980	67	33	131
2981	65	35	121
2982	65	40	130
2983	65	45	135
2984	68	50	108
2985	68	51	92
2986	68	50	91
2987	68	51	79
2988	69	51	98
2989	69	53	97
2990	70	52	87
2991	70	55	81
2992	69	56	52
2993	70	56	58
2994	69	56	63
2995	69	56	55
2996	68	55	47
2997	61	53	60
2998	61	54	58
2999	61	54	55
2999	67	47	46	f
3000	67	49	49
3000	61	53	49	f
3001	61	53	51
3001	67	50	34	f
3002	61	54	54
3002	67	50	31	f
3003	61	54	50
3003	67	49	41	f
3004	61	54	50
3004	68	49	48	f
3005	68	50	48
3005	62	54	40	f
3006	61	54	47
3006	67	49	39	f
3007	61	54	48
3008	61	54	50
3008	67	51	35	f
3009	67	50	46
3009	62	54	41	f
3010	61	54	50
3010	67	50	44	f
3011	61	54	49
3011	67	50	42	f
3012	61	54	47
3012	67	51	38	f
3013	61	54	50
3013	67	50	45	f
3014	61	54	48
3014	67	50	38	f
3015	61	54	48
3015	67	50	45	f
3016	61	54	44
3016	67	49	39	f
3017	61	54	50
3018	67	49	38
3018	62	54	38	f
3019	61	55	36
3020	61	54	42
3020	67	49	40	f
3021	62	54	40
3022	61	55	36
3023	61	54	50
3024	67	49	45
3024	62	54	41	f
3025	61	54	48
3025	67	50	45	f
3026	61	54	50
3026	66	49	41	f
3027	67	49	46
3027	62	54	38	f
3028	61	54	52
3028	67	49	42	f
3029	67	49	42
3029	61	54	37	f
3030	61	54	52
3030	67	48	33	f
3031	67	50	46
3031	61	54	46	f
3032	67	50	44
3032	62	54	39	f
3033	61	54	52
3033	67	49	42	f
3034	61	55	42
3034	67	49	37	f
3035	67	49	48
3035	62	54	43	f
3036	61	54	52
3037	62	54	43
3037	67	49	37	f
3038	61	54	48
3038	67	50	38	f
3039	61	54	49
3040	67	49	43
3040	62	54	40	f
3041	62	54	41
3042	62	54	43
3042	67	50	34	f
3043	62	54	42
3043	67	51	36	f
3044	62	54	43
3045	61	54	46
3046	61	54	46
3047	62	54	45
3047	67	50	37	f
3048	61	54	49
3049	61	54	52
3050	61	53	48
3050	67	49	45	f
3051	61	54	54
3051	66	48	45	f
3052	66	49	39
3052	61	55	37	f
3053	66	48	43
3053	61	55	41	f
3054	61	53	49
3054	66	48	45	f
3055	66	48	44
3055	61	55	37	f
3056	61	53	51
3056	66	50	30	f
3057	66	48	44
3057	61	55	40	f
3058	61	54	52
3058	66	50	30	f
3059	61	54	47
3059	66	49	38	f
3060	61	54	50
3060	67	49	43	f
3061	61	54	51
3061	66	49	42	f
3062	61	54	47
3062	66	49	42	f
3063	61	54	50
3064	61	54	49
3065	62	54	40
3065	67	49	36	f
3066	61	54	44
3066	67	49	34	f
3067	61	54	48
3068	61	54	46
3069	62	54	33
3070	62	54	41
3071	61	54	42
3072	61	54	45
3073	61	55	41
3074	61	54	46
3074	66	49	41	f
3075	61	54	49
3075	67	49	36	f
3076	61	54	47
3077	61	55	42
3078	61	55	35
3079	61	54	49
3080	61	54	51
3081	61	55	37
3082	61	54	48
3083	62	54	38
3084	62	54	41
3085	61	54	49
3085	67	49	37	f
3086	61	55	44
3087	61	54	46
3088	61	54	48
3088	66	50	30	f
3089	61	54	46
3089	66	49	42	f
3090	61	54	48
3090	66	49	39	f
3091	61	54	47
3091	67	49	36	f
3092	62	54	41
3093	61	54	46
3093	67	49	40	f
3094	64	52	86
3095	61	54	50
3096	61	54	46
3097	61	54	51
3097	67	49	40	f
3098	61	54	47
3098	66	49	40	f
3099	61	54	49
3100	61	53	41
3101	61	55	36
3102	61	55	36
3103	66	48	35
3103	60	55	34	f
3104	61	54	47
3105	61	54	54
3106	61	54	45
3107	61	54	40
3108	61	54	50
3109	61	55	43
3109	67	49	42	f
3110	66	49	41
3110	61	54	41	f
3111	61	54	51
3111	67	48	32	f
3112	61	54	50
3113	61	54	54
3114	61	54	53
3114	67	48	34	f
3115	62	53	46
3115	67	48	32	f
3116	62	53	49
3116	67	49	44	f
3117	67	49	42
3117	62	53	41	f
3118	64	51	88
3119	62	53	46
3119	67	49	43	f
3120	61	54	51
3120	67	49	43	f
3121	62	53	45
3121	67	49	43	f
3122	61	54	49
3122	67	49	45	f
3123	61	54	47
3123	67	49	44	f
3124	67	49	42
3124	60	54	31	f
3125	61	54	54
3126	61	54	56
3127	61	54	46
3127	68	50	38	f
3128	61	54	55
3128	68	50	36	f
3129	61	54	52
3130	61	54	52
3131	61	54	52
3132	61	54	52
3133	61	54	52
3134	61	54	46
3135	61	54	48
3136	61	54	51
3136	66	49	37	f
3137	61	54	54
3137	67	49	37	f
3138	66	49	37
3138	61	55	37	f
3139	61	54	51
3139	67	49	40	f
3140	61	54	51
3140	67	49	37	f
3141	61	54	51
3141	66	49	37	f
3142	61	54	50
3142	67	49	36	f
3143	67	49	40
3143	61	55	37	f
3144	61	54	51
3144	66	49	37	f
3145	61	54	51
3145	67	49	41	f
3146	61	54	51
3146	66	49	41	f
3147	61	54	51
3147	67	49	40	f
3148	61	54	51
3148	67	49	39	f
3149	61	54	51
3149	67	49	41	f
3150	61	54	51
3150	66	49	42	f
3151	61	54	51
3151	66	49	41	f
3152	61	54	51
3152	66	49	41	f
3153	61	54	51
3153	66	49	42	f
3154	61	54	54
3154	66	49	42	f
3155	61	54	55
3155	66	49	42	f
3156	61	54	55
3156	67	49	41	f
3157	61	54	55
3157	66	49	42	f
3158	61	54	55
3158	66	48	45	f
3159	61	54	55
3159	67	49	49	f
3160	61	54	55
3160	66	48	45	f
3161	61	54	55
3161	66	48	45	f
3162	61	54	55
3162	67	49	41	f
3163	61	54	55
3163	67	48	44	f
3164	61	54	55
3164	67	49	41	f
3165	61	54	51
3165	67	49	37	f
3166	61	54	54
3166	67	49	38	f
3167	61	54	51
3167	67	49	38	f
3168	61	54	51
3168	67	49	36	f
3169	61	54	51
3169	67	49	38	f
3170	61	54	51
3170	67	49	38	f
3171	61	54	54
3171	67	49	38	f
3172	61	54	55
3172	67	49	38	f
3173	61	54	54
3173	67	49	38	f
3174	67	49	40
3174	61	55	40	f
3175	61	54	55
3176	61	54	55
3177	61	54	54
3177	67	49	34	f
3178	61	54	55
3179	61	54	55
3179	67	48	31	f
3180	61	54	55
3181	61	54	55
3181	67	49	34	f
3182	61	54	55
3183	61	54	55
3183	67	49	34	f
3184	61	54	55
3184	67	49	34	f
3185	61	54	55
3185	67	49	33	f
3186	61	54	55
3186	67	49	33	f
3187	61	54	55
3187	67	49	33	f
3188	61	54	56
3188	67	49	33	f
3189	61	54	55
3189	67	49	33	f
3190	61	54	54
3190	67	49	33	f
3191	61	54	52
3191	67	49	30	f
3192	61	54	51
3193	61	54	51
3194	61	54	55
3194	67	49	33	f
3195	61	54	51
3196	61	54	51
3197	61	54	51
3198	61	54	51
3199	61	54	51
3200	61	54	54
3201	61	54	55
3202	61	54	52
3203	61	54	55
3204	61	54	55
3205	61	54	51
3206	61	54	52
3207	61	54	54
3208	61	54	55
3209	61	54	55
3210	61	54	55
3211	61	54	55
3212	61	54	52
3213	61	54	54
3214	61	54	55
3215	61	54	54
3216	61	54	54
3216	67	49	34	f
3217	61	54	49
3217	67	49	36	f
3218	61	55	51
3218	67	49	41	f
3219	61	54	49
3219	67	51	35	f
3220	61	54	50
3220	67	51	32	f
3221	61	54	51
3221	68	51	44	f
3222	68	51	49
3222	61	54	47	f
3223	61	54	54
3224	69	53	67
3224	61	54	49	f
3225	69	54	68
3225	61	54	47	f
3226	69	55	64
3226	61	54	36	f
3227	69	55	70
3227	61	54	45	f
3228	69	54	70
3228	61	54	36	f
3229	62	53	44
3229	68	53	40	f
3230	68	52	56
3230	61	54	44	f
3231	68	53	50
3231	62	54	41	f
3232	68	52	52
3232	61	53	45	f
3233	68	51	55
3233	61	54	47	f
3234	68	51	53
3234	62	54	43	f
3235	67	49	63
3235	61	54	48	f
3236	67	49	58
3236	61	54	45	f
3237	67	49	60
3237	61	55	42	f
3238	67	49	63
3238	61	55	40	f
3239	67	49	60
3239	61	55	42	f
3240	67	49	60
3240	61	53	47	f
3241	61	54	54
3241	67	50	50	f
3242	67	49	52
3242	62	54	42	f
3243	67	49	55
3243	61	54	52	f
3244	61	54	53
3244	68	50	50	f
3245	61	54	52
3245	67	51	39	f
3246	61	54	51
3246	67	52	37	f
3247	61	54	50
3247	68	52	40	f
3248	61	54	50
3248	68	52	38	f
3249	61	54	50
3250	61	54	50
3250	67	51	34	f
3251	61	54	50
3251	67	51	37	f
3252	61	54	51
3252	67	51	34	f
3253	61	54	50
3253	67	51	40	f
3254	61	54	46
3254	67	51	44	f
3255	61	55	41
3255	66	50	33	f
3256	61	54	44
3256	66	50	36	f
3257	61	54	41
3257	66	50	33	f
3258	61	54	43
3258	66	50	36	f
3259	61	55	44
3259	67	51	41	f
3260	61	54	51
3260	67	51	36	f
3261	61	53	56
3261	67	51	45	f
3262	61	51	82
3262	67	50	32	f
3263	61	51	83
3263	67	50	40	f
3264	61	54	53
3264	67	51	46	f
3265	66	48	48
3265	62	53	46	f
3266	67	45	67
3266	61	52	39	f
3267	68	44	104
3268	67	43	117
3269	67	38	104
3270	68	37	92
3271	67	37	115
3272	65	40	139
3273	64	42	116
3274	63	42	110
3275	64	43	112
3276	64	43	111
3277	64	44	105
3278	68	51	109
3279	69	51	103
3280	69	51	92
3281	69	54	69
3282	69	54	65
3283	69	54	70
3284	69	53	80
3285	69	53	68
3286	71	48	96
3287	70	42	97
3288	69	41	109
3289	68	40	117
3290	68	39	124
3291	68	38	131
3292	68	39	116
3293	67	38	133
3294	68	39	119
3295	68	39	110
3296	68	39	117
3297	68	38	127
3298	68	38	122
3299	67	33	113
3300	67	30	121
3301	68	30	126
3302	70	28	138
3303	70	28	122
3304	70	28	142
3305	70	28	139
3306	70	27	125
3307	70	27	137
3308	70	27	139
3309	70	27	139
3310	70	27	138
3311	70	27	133
3312	70	27	140
3313	70	27	138
3314	70	27	133
3315	70	26	136
3316	70	27	131
3317	70	26	130
3318	70	26	132
3319	70	27	126
3320	70	26	129
3321	69	26	142
3322	68	24	134
3323	63	20	154
3324	63	19	136
3325	63	18	130
3326	62	17	152
3327	61	17	153
3328	61	17	158
3329	62	17	147
3330	62	16	162
3331	65	14	154
3332	70	13	143
3333	73	14	122
3334	74	14	114
3335	74	13	112
3336	74	14	111
3337	74	14	117
3338	77	15	133
3339	78	15	132
3340	78	15	135
3341	78	14	131
3342	78	14	134
3343	77	14	137
3344	78	14	134
3345	79	16	140
3346	81	17	119
3347	78	15	53
3347	86	18	53	f
3348	87	18	74
3348	78	14	49	f
3349	87	18	76
3349	78	14	52	f
3350	87	18	80
3350	78	14	51	f
3351	86	17	63
3351	78	14	52	f
3352	87	16	81
3352	78	14	48	f
3353	88	15	99
3353	78	14	40	f
3354	88	15	89
3354	78	15	36	f
3355	88	15	89
3355	78	15	36	f
3356	88	15	90
3356	78	15	36	f
3357	90	17	130
3358	96	17	142
3359	101	19	81
3360	101	19	NP
3361	101	19	NP
3362	101	19	NP
3363	101	19	NP
3364	101	19	NP
3365	101	19	NP
3366	101	19	NP
3367	121	33	40
3368	119	35	78
3369	119	35	82
3370	118	39	149
3371	116	51	174
3372	113	72	180
3373	112	78	175
3374	110	81	174
3375	106	84	173
3376	105	85	152
3377	105	85	147
3378	103	86	122
3379	96	86	143
3380	89	85	131
3381	86	84	134
3382	86	84	133
3383	86	85	142
3384	82	85	157
3385	74	87	148
3386	72	87	138
3387	71	86	163
3388	69	84	170
3389	68	84	162
3390	69	84	168
3391	67	81	161
3392	65	77	162
3393	64	72	143
3394	65	72	148
3395	64	72	146
3396	64	72	147
3397	64	70	142
3398	64	66	93
3399	65	65	78
3400	65	65	78
3401	65	65	78
3402	65	65	78
3403	65	65	78
3404	65	65	74
3405	65	64	75
3406	65	64	72
3407	64	63	43
3408	64	63	44
3409	64	63	34
3410	67	53	42
3411	67	53	55
3411	62	56	30	f
3412	68	53	55
3412	62	56	30	f
3413	68	52	59
3414	68	53	55
3415	68	53	54
3416	69	49	102
3417	70	42	118
3418	70	39	103
3419	68	34	105
3420	62	26	152
3421	59	22	136
3422	53	18	147
3423	51	18	148
3424	47	19	140
3425	41	21	132
3426	37	22	156
3427	35	22	165
3428	29	22	169
3429	21	24	169
3430	21	24	164
3431	20	24	166
3432	20	24	164
3433	20	23	166
3434	21	23	167
3435	21	23	165
3436	21	23	166
3437	20	23	176
3438	22	23	147
3439	23	24	102
3439	17	33	52	f
3440	16	36	103
3441	19	51	156
3442	21	62	163
3443	22	78	157
3444	25	83	145
3445	29	88	99
3446	29	89	90
3446	40	92	34	f
3447	41	91	53
3447	32	92	40	f
3448	43	90	103
3449	53	88	144
3450	54	89	142
3451	56	89	158
3452	59	90	154
3453	58	90	157
3454	61	86	166
3455	66	74	150
3456	66	72	135
3457	67	72	144
3458	67	68	120
3459	66	66	96
3460	66	66	98
3461	66	66	96
3462	66	66	95
3463	66	66	95
3464	66	66	94
3465	66	66	91
3466	66	66	94
3467	66	66	88
3468	66	65	80
3468	62	55	34	f
3469	67	65	74
3470	67	65	81
3471	67	65	80
3472	67	65	91
3473	65	64	69
3474	67	55	32
3475	66	46	65
3475	62	49	33	f
3476	67	45	68
3477	68	40	106
3478	69	36	132
3479	69	35	132
3480	69	35	133
3481	69	35	133
3482	69	36	117
3483	69	36	130
3484	69	36	117
3485	68	36	124
3486	68	36	122
3487	68	36	119
3488	68	36	125
3489	69	35	125
3490	69	35	130
3491	69	35	127
3492	69	35	127
3493	69	35	127
3494	69	35	123
3495	68	36	115
3496	68	36	110
3497	66	34	102
3498	67	31	97
3498	60	24	31	f
3499	64	28	127
3500	64	28	116
3501	62	25	140
3502	58	21	141
3503	56	20	115
3504	56	20	113
3505	56	20	113
3506	56	20	116
3507	54	17	160
3508	52	16	161
3509	51	16	162
3510	52	16	140
3511	53	16	137
3512	53	16	138
3513	52	17	139
3514	50	16	142
3515	42	19	134
3516	40	20	141
3517	39	20	141
3518	33	21	156
3519	26	22	167
3520	26	21	165
3521	26	21	176
3522	23	19	188
3523	20	20	180
3524	21	20	173
3525	21	21	176
3526	21	21	181
3527	21	21	176
3528	25	22	150
3529	25	23	104
3529	19	34	33	f
3530	19	35	65
3530	21	26	52	f
3531	21	46	154
3532	21	63	161
3533	21	75	156
3534	22	79	153
3535	29	86	99
3536	29	86	83
3537	30	86	59
3537	41	91	42	f
3538	42	90	80
3539	48	88	160
3540	54	88	153
3541	57	87	150
3542	58	87	160
3543	59	87	171
3544	58	86	170
3545	60	83	170
3546	63	73	137
3547	64	72	160
3548	64	72	164
3549	64	71	161
3550	64	71	158
3551	65	73	143
3552	65	73	162
3553	67	71	174
3554	67	69	143
3555	68	68	130
3556	69	68	117
3557	69	64	57
3557	68	56	50	f
3558	69	55	69
3559	68	54	70
3560	68	55	69
3561	68	55	67
3562	68	55	63
3563	68	55	71
3564	68	55	69
3565	68	55	67
3566	68	55	71
3567	68	55	71
3568	68	55	71
3569	68	55	68
3570	68	55	72
3571	68	55	62
3572	68	55	64
3572	61	51	35	f
3573	69	55	66
3573	61	51	35	f
3574	69	56	61
3575	68	54	80
3576	68	53	81
3577	67	52	76
3578	67	51	74
3579	67	51	78
3580	67	53	58
3581	67	52	62
3582	67	51	73
3583	67	51	77
3584	67	50	79
3585	67	53	54
3586	67	53	51
3587	67	51	68
3588	67	51	71
3589	67	51	71
3590	67	53	57
3591	67	51	74
3592	67	51	76
3593	67	51	76
3594	67	51	76
3595	67	51	73
3596	67	51	72
3597	67	52	74
3598	67	52	72
3599	67	51	76
3600	67	52	71
3601	67	53	60
3602	67	53	63
3603	67	53	62
3604	67	53	62
3605	67	53	60
3606	67	53	58
3607	67	51	63
3608	67	52	70
3609	67	52	62
3610	67	52	56
3611	67	53	58
3612	67	53	60
3613	67	53	61
3614	67	52	56
3615	67	52	68
3616	67	51	76
3617	67	51	75
3618	67	51	75
3619	67	51	75
3620	67	51	76
3621	67	51	76
3622	67	51	76
3623	67	51	75
3624	67	51	73
3625	67	51	75
3626	67	52	72
3627	67	51	74
3628	67	51	73
3629	67	52	69
3630	67	52	62
3631	67	52	60
3632	67	52	61
3633	67	51	64
3634	67	51	64
3635	67	52	67
3636	67	52	62
3637	67	51	69
3638	67	51	76
3639	67	53	54
3640	67	52	70
3641	67	53	61
3642	67	52	68
3643	67	52	68
3644	67	52	68
3645	67	53	63
3646	67	53	55
3647	67	51	71
3648	67	51	73
3649	67	51	76
3650	67	51	75
3651	67	51	75
3652	67	51	75
3653	67	51	76
3654	67	51	74
3655	67	52	65
3656	67	51	67
3657	67	51	73
3658	67	53	56
3659	67	54	46
3660	67	54	45
3661	67	53	47
3662	67	54	47
3663	67	51	71
3664	67	53	47
3665	67	52	55
3666	67	52	60
3667	67	52	57
3668	67	51	73
3669	67	53	60
3669	61	46	31	f
3670	67	53	60
3671	67	53	60
3672	67	53	59
3673	67	53	59
3674	67	51	72
3675	67	51	74
3676	67	51	72
3677	67	51	71
3678	67	51	74
3679	67	52	65
3680	67	52	68
3681	67	52	61
3682	66	52	59
3683	67	52	60
3684	67	52	65
3685	67	52	66
3686	67	51	69
3687	67	51	68
3688	67	51	70
3689	67	52	67
3690	67	51	64
3691	67	51	70
3692	67	51	64
3693	67	51	70
3694	67	51	67
3695	67	51	72
3696	67	51	77
3697	67	52	69
3698	67	52	64
3699	67	52	66
3700	67	52	66
3701	67	52	70
3702	67	52	70
3703	67	52	71
3704	67	52	68
3705	67	52	68
3706	67	52	67
3707	67	52	70
3708	67	52	63
3709	67	53	58
3710	67	53	58
3711	67	53	56
3712	67	52	59
3713	67	51	55
3714	67	52	44
3714	62	52	37	f
3715	63	41	131
3716	63	37	126
3717	63	30	153
3718	62	24	135
3719	62	21	158
3720	60	20	154
3721	58	19	140
3722	58	18	133
3723	53	17	138
3724	52	17	155
3725	53	17	141
3726	54	17	123
3727	49	19	128
3728	49	18	120
3729	41	21	93
3730	39	21	148
3731	35	19	169
3732	27	17	196
3733	27	17	187
3734	27	17	185
3735	26	19	189
3736	23	21	191
3737	23	22	178
3738	27	20	175
3739	27	20	170
3740	29	19	176
3741	34	19	148
3742	37	20	137
3743	40	21	117
3744	42	22	103
3745	42	21	113
3746	44	20	123
3747	45	19	118
3748	45	18	122
3749	43	16	120
3750	43	16	129
3751	42	15	136
3752	41	16	141
3753	42	15	146
3754	42	15	136
3755	42	16	144
3756	42	17	134
3757	40	17	150
3758	39	16	158
3759	39	16	152
3760	39	16	152
3761	39	16	155
3762	39	16	163
3763	39	16	160
3764	39	17	150
3765	39	17	153
3766	39	17	157
3767	40	16	150
3768	40	16	143
3769	40	16	145
3770	40	16	145
3771	39	16	148
3772	40	16	144
3773	39	16	163
3774	38	17	163
3775	34	19	166
3776	29	20	164
3777	25	20	186
3778	25	19	174
3779	22	18	169
3780	24	18	164
3781	26	20	159
3782	25	23	116
3783	22	25	66
3783	19	34	47	f
3784	20	38	109
3785	21	47	152
3786	21	57	165
3787	23	81	155
3788	21	86	136
3789	21	87	135
3790	19	89	164
3791	18	89	163
3792	18	89	166
3793	19	89	168
3794	17	89	169
3795	18	89	160
3796	18	89	165
3797	17	89	165
3798	17	89	165
3799	18	88	152
3800	19	87	153
3801	18	87	157
3802	21	87	140
3803	24	87	127
3804	28	90	85
3805	42	91	69
3806	47	89	151
3807	55	86	152
3808	59	83	144
3809	58	83	155
3810	59	83	169
3811	65	73	154
3812	64	72	134
3813	64	71	142
3814	65	72	159
3815	66	69	117
3816	66	68	123
3817	67	67	127
3818	67	67	126
3819	67	67	128
3820	67	67	131
3821	67	67	135
3822	67	67	134
3823	67	67	130
3824	67	67	133
3825	67	67	134
3826	67	67	126
3827	67	67	124
3828	67	67	123
3829	67	67	120
3830	67	67	126
3831	67	67	122
3832	68	67	134
3833	68	68	149
3834	67	68	141
3835	67	68	142
3836	67	69	136
3837	66	69	135
3838	65	68	131
3839	65	67	106
3840	65	64	58
3841	62	54	43
3841	66	48	30	f
3842	66	46	69
3842	62	49	39	f
3843	66	42	90
3844	70	30	153
3845	71	24	114
3846	71	25	126
3847	71	26	118
3848	71	25	125
3849	71	26	118
3850	71	26	132
3851	71	26	135
3852	70	26	121
3853	69	27	119
3854	69	28	125
3855	70	32	144
3856	72	40	114
3857	72	46	93
3858	71	44	51
3858	73	54	40	f
3859	71	55	47
3859	71	45	45	f
3860	71	55	45
3860	71	45	37	f
3861	72	55	48
3861	71	45	39	f
3862	71	45	43
3863	70	44	44
3864	71	44	46
3864	71	54	42	f
3865	71	45	56
3865	71	55	47	f
3866	71	55	49
3866	71	44	39	f
3867	72	44	45
3867	71	55	44	f
3868	71	55	48
3868	71	44	40	f
3869	72	50	102
3870	71	49	88
3871	72	45	66
3872	71	46	62
3873	72	45	68
3874	71	48	81
3875	71	44	33
3876	69	55	68
3877	69	56	53
3878	70	56	57
3879	70	56	63
3880	70	56	62
3881	70	56	54
3882	70	56	60
3883	70	56	61
3884	70	56	65
3885	68	55	73
3886	64	52	114
3887	67	51	57
3887	62	51	49	f
3888	66	48	58
3888	62	50	49	f
3889	66	49	49
3889	62	50	49	f
3890	66	47	60
3890	62	50	49	f
3891	66	47	59
3891	62	51	46	f
3892	66	47	59
3892	62	51	46	f
3893	66	48	66
3893	62	51	42	f
3894	66	47	67
3894	62	51	39	f
3895	66	47	71
3895	62	51	43	f
3896	66	47	70
3896	62	51	43	f
3897	66	47	71
3897	62	51	43	f
3898	66	47	70
3898	62	51	44	f
3899	66	47	69
3899	62	51	43	f
3900	66	48	68
3900	62	51	46	f
3901	66	48	70
3901	62	51	46	f
3902	66	48	66
3902	62	51	46	f
3903	66	48	67
3903	62	51	46	f
3904	66	48	68
3904	62	51	46	f
3905	66	48	61
3905	62	51	46	f
3906	66	47	65
3906	62	51	46	f
3907	66	48	66
3907	62	51	46	f
3908	66	47	70
3908	62	51	46	f
3909	66	48	68
3909	62	51	45	f
3910	66	48	70
3910	62	51	46	f
3911	66	48	69
3911	62	51	46	f
3912	66	48	69
3912	62	51	46	f
3913	66	48	67
3913	62	51	42	f
3914	66	47	74
3914	62	50	40	f
3915	66	48	70
3915	62	51	44	f
3916	66	49	61
3916	62	51	43	f
3917	66	48	63
3917	62	51	43	f
3918	66	49	59
3918	62	51	46	f
3919	66	49	60
3919	62	51	46	f
3920	66	48	65
3920	62	51	42	f
3921	66	48	62
3921	62	51	43	f
3922	66	48	63
3922	62	51	46	f
3923	66	48	65
3923	62	51	49	f
3924	66	48	64
3924	62	51	49	f
3925	66	48	66
3925	62	51	46	f
3926	66	48	61
3926	62	51	43	f
3927	66	50	54
3927	62	52	37	f
3928	61	49	56
3928	66	50	48	f
3929	66	48	57
3929	62	50	53	f
3930	61	50	57
3930	66	49	52	f
3931	61	50	54
3931	66	48	51	f
3932	61	50	58
3932	66	48	47	f
3933	61	49	54
3933	66	48	50	f
3934	66	46	51
3934	61	50	46	f
3935	61	50	57
3936	64	46	111
3937	63	41	117
3938	64	36	129
3939	62	30	145
3940	62	26	148
3941	62	22	154
3942	59	18	134
3943	58	17	135
3944	58	18	122
3945	59	18	123
3946	59	18	125
3947	58	18	121
3948	59	18	130
3949	59	18	131
3950	59	19	128
3951	58	17	135
3952	58	17	134
3953	58	17	143
3954	58	17	136
3955	58	17	141
3956	58	17	134
3957	57	17	129
3958	58	17	138
3959	59	16	135
3960	61	13	150
3961	62	12	134
3962	62	12	139
3963	62	13	147
3964	62	13	134
3965	63	13	137
3966	63	13	142
3967	63	13	142
3968	63	13	140
3969	63	13	132
3970	63	13	138
3971	63	13	134
3972	63	13	131
3973	63	13	134
3974	63	13	134
3975	63	13	132
3976	63	13	135
3977	63	13	135
3978	63	13	135
3979	63	13	135
3980	63	13	136
3981	63	13	138
3982	63	13	135
3983	63	13	134
3984	63	13	134
3985	63	13	133
3986	63	13	134
3987	63	13	135
3988	63	13	137
3989	63	13	144
3990	63	13	140
3991	63	13	140
3992	63	13	141
3993	63	13	134
3994	62	13	122
3995	62	13	123
3996	62	13	123
3997	63	13	128
3998	63	13	132
3999	62	13	129
4000	63	13	135
4001	63	13	134
4002	63	13	134
4003	63	13	135
4004	63	13	133
4005	63	13	132
4006	63	13	135
4007	63	13	131
4008	63	13	133
4009	63	13	134
4010	63	13	136
4011	63	13	138
4012	63	13	138
4013	63	13	142
4014	63	13	144
4015	63	13	144
4016	63	13	140
4017	63	13	141
4018	63	13	143
4019	63	13	137
4020	63	13	131
4021	63	13	132
4022	63	13	132
4023	63	13	136
4024	63	13	141
4025	63	13	139
4026	63	13	143
4027	63	13	141
4028	63	13	143
4029	63	13	138
4030	63	12	142
4031	63	12	144
4032	62	13	136
4033	63	13	132
4034	62	13	132
4035	62	13	131
4036	63	13	136
4037	63	13	140
4038	63	13	143
4039	63	13	136
4040	63	13	141
4041	63	13	143
4042	63	13	144
4043	63	13	147
4044	63	13	146
4045	63	13	144
4046	63	13	139
4047	63	13	136
4048	63	13	135
4049	63	13	135
4050	63	13	135
4051	63	13	140
4052	63	13	141
4053	63	13	143
4054	63	13	141
4055	63	13	143
4056	63	13	142
4057	63	13	144
4058	63	13	146
4059	63	13	142
4060	63	13	137
4061	63	13	138
4062	63	13	134
4063	63	13	135
4064	63	13	135
4065	63	13	136
4066	63	13	139
4067	63	13	142
4068	63	13	141
4069	63	13	143
4070	63	13	139
4071	63	13	141
4072	63	13	141
4073	63	13	142
4074	63	13	142
4075	63	13	142
4076	63	13	138
4077	63	13	136
4078	62	12	122
4079	62	12	120
4080	62	12	125
4081	62	13	137
4082	62	13	137
4083	62	13	135
4084	62	13	137
4085	62	13	140
4086	62	13	141
4087	62	13	143
4088	62	13	137
4089	63	13	134
4090	63	13	135
4091	63	12	139
4092	63	12	138
4093	63	12	142
4094	63	12	146
4095	63	12	145
4096	63	12	145
4097	62	13	133
4098	62	13	129
4099	62	12	130
4100	62	13	131
4101	62	13	132
4102	62	13	132
4103	62	13	140
4104	62	13	141
4105	62	13	139
4106	62	13	134
4107	62	13	131
4108	62	13	129
4109	62	13	130
4110	62	13	129
4111	62	13	128
4112	62	13	136
4113	62	13	136
4114	62	13	137
4115	62	13	135
4116	62	13	136
4117	62	13	137
4118	62	13	146
4119	62	13	148
4120	62	13	146
4121	62	13	143
4122	62	13	139
4123	62	13	140
4124	62	13	138
4125	62	13	139
4126	62	13	137
4127	62	13	136
4128	62	13	136
4129	62	13	135
4130	62	13	135
4131	62	13	139
4132	62	13	139
4133	62	13	141
4134	62	13	139
4135	62	13	144
4136	62	13	139
4137	62	13	142
4138	62	13	142
4139	62	13	139
4140	62	13	147
4141	62	13	143
4142	62	13	147
4143	62	13	146
4144	62	13	144
4145	62	13	138
4146	62	13	138
4147	62	13	136
4148	62	13	136
4149	62	13	135
4150	62	12	130
4151	62	12	130
4152	62	12	128
4153	62	12	131
4154	62	13	134
4155	62	13	141
4156	62	13	143
4157	62	13	136
4158	62	13	145
4159	62	13	142
4160	62	13	145
4161	62	13	142
4162	62	13	143
4163	62	13	143
4164	62	13	140
4165	62	13	144
4166	62	13	147
4167	62	13	145
4168	62	13	142
4169	62	13	138
4170	62	13	137
4171	62	13	138
4172	62	13	133
4173	62	13	134
4174	62	13	131
4175	62	13	132
4176	62	13	134
4177	62	13	134
4178	62	13	134
4179	62	13	134
4180	62	13	134
4181	62	13	134
4182	62	13	142
4183	62	13	140
4184	62	13	142
4185	62	13	141
4186	62	13	140
4187	62	13	141
4188	62	13	140
4189	62	13	139
4190	62	13	143
4191	62	13	143
4192	62	13	144
4193	62	13	144
4194	62	13	143
4195	62	13	138
4196	62	13	137
4197	62	13	135
4198	62	13	133
4199	62	13	135
4200	62	13	135
4201	62	13	136
4202	62	13	134
4203	62	13	137
4204	62	13	136
4205	62	13	141
4206	62	13	142
4207	62	13	141
4208	62	13	141
4209	62	13	141
4210	62	13	145
4211	62	13	140
4212	62	13	141
4213	62	13	141
4214	62	13	139
4215	62	13	132
4216	62	13	132
4217	62	13	132
4218	62	13	132
4219	62	13	131
4220	62	13	133
4221	62	13	137
4222	62	13	141
4223	62	13	140
4224	62	13	139
4225	62	13	139
4226	62	13	139
4227	62	13	138
4228	62	13	140
4229	62	13	140
4230	62	13	140
4231	62	13	140
4232	62	13	133
4233	62	13	135
4234	62	13	132
4235	62	13	132
4236	62	13	131
4237	62	13	136
4238	62	13	134
4239	62	13	139
4240	62	13	140
4241	62	13	139
4242	62	13	136
4243	62	13	140
4244	62	13	140
4245	62	13	139
4246	62	13	139
4247	62	13	140
4248	62	13	137
4249	62	13	131
4250	62	13	134
4251	62	13	130
4252	62	13	133
4253	62	13	134
4254	62	13	136
4255	62	13	140
4256	62	13	141
4257	62	13	140
4258	62	13	138
4259	62	13	140
4260	62	13	141
4261	62	13	142
4262	62	13	142
4263	62	13	140
4264	62	13	135
4265	62	13	135
4266	62	13	137
4267	62	13	136
4268	62	13	138
4269	62	13	138
4270	62	13	141
4271	62	13	142
4272	62	13	141
4273	62	13	144
4274	62	13	144
4275	62	13	145
4276	62	13	144
4277	62	13	144
4278	62	13	143
4279	62	13	140
4280	62	13	138
4281	62	13	136
4282	62	13	134
4283	62	13	135
4284	62	13	136
4285	62	13	137
4286	62	13	137
4287	62	13	142
4288	62	13	141
4289	62	13	143
4290	62	13	143
4291	62	13	142
4292	62	13	142
4293	62	13	144
4294	62	13	142
4295	62	13	139
4296	62	13	136
4297	62	13	135
4298	62	13	134
4299	62	13	134
4300	62	13	134
4301	62	13	135
4302	62	13	141
4303	62	13	141
4304	62	13	140
4305	62	13	141
4306	62	13	141
4307	62	13	142
4308	62	13	142
4309	62	13	140
4310	62	13	145
4311	62	13	137
4312	62	13	140
4313	62	13	136
4314	62	13	135
4315	62	13	135
4316	62	13	132
4317	62	13	134
4318	62	13	135
4319	62	13	136
4320	62	13	140
4321	62	13	140
4322	62	13	140
4323	62	13	142
4324	62	13	137
4325	62	13	137
4326	62	13	142
4327	62	13	141
4328	62	13	140
4329	62	13	145
4330	62	13	142
4331	62	13	140
4332	62	13	137
4333	62	13	133
4334	62	13	133
4335	62	13	132
4336	62	13	132
4337	62	13	131
4338	62	13	132
4339	62	13	131
4340	62	13	133
4341	62	13	133
4342	62	13	136
4343	62	12	143
4344	62	12	142
4345	62	12	143
4346	63	12	159
4347	63	12	161
4348	63	12	156
4349	63	12	152
4350	63	12	153
4351	63	12	156
4352	63	12	151
4353	63	13	147
4354	62	14	153
4355	62	14	152
4356	66	19	160
4357	67	23	156
4358	69	26	138
4359	70	32	155
4360	70	39	150
4361	69	44	119
4362	69	45	104
4363	69	45	107
4364	69	44	107
4365	68	47	135
4366	68	52	97
4367	69	54	83
4368	69	53	75
4369	70	49	111
4370	71	37	127
4371	72	31	159
4372	71	29	151
4373	71	29	149
4374	71	27	150
4375	71	24	143
4376	72	23	139
4377	74	20	127
4378	86	15	62
4378	77	18	55	f
4379	87	15	62
4379	78	17	52	f
4380	88	16	81
4380	78	15	40	f
4381	91	14	146
4382	96	14	143
4383	99	17	126
4384	103	18	63
4385	103	18	NP
4386	104	18	51
4387	103	18	47
4388	104	16	35
4389	104	18	51
4390	121	33	44
4391	120	34	75
4392	121	40	163
4393	121	47	171
4394	117	63	169
4395	116	68	167
4396	116	68	150
4397	116	68	156
4398	114	76	162
4399	110	84	172
4400	105	90	149
4401	105	90	152
4402	104	89	147
4403	102	90	108
4404	100	89	94
4404	89	89	30	f
4405	100	89	94
4405	89	90	32	f
4406	100	89	92
4406	89	90	34	f
4407	97	90	132
4408	97	89	141
4409	95	90	153
4410	89	92	77
4410	98	91	41	f
4411	89	92	129
4412	84	91	136
4413	81	90	153
4414	80	88	148
4415	81	88	144
4416	80	87	132
4417	80	87	137
4418	81	86	149
4419	81	86	152
4420	82	87	143
4421	82	86	141
4422	83	85	165
4423	83	86	169
4424	82	87	138
4425	80	87	142
4426	77	87	151
4427	74	89	162
4428	72	89	159
4429	65	90	164
4430	56	93	165
4431	53	93	152
4432	53	92	145
4433	53	92	140
4434	53	92	144
4435	50	91	148
4436	47	88	130
4437	47	88	137
4438	47	88	136
4439	46	88	139
4440	46	88	141
4441	46	87	152
4442	46	87	160
4443	46	87	155
4444	46	87	152
4445	46	88	141
4446	46	88	150
4447	46	88	139
4448	48	87	147
4449	51	84	150
4450	51	83	138
4451	51	83	138
4452	51	83	139
4453	51	83	140
4454	52	83	145
4455	53	83	158
4456	53	83	153
4457	53	83	157
4458	51	82	151
4459	51	83	144
4460	51	83	131
4461	51	83	134
4462	51	83	135
4463	51	83	141
4464	51	83	137
4465	51	83	140
4466	51	83	142
4467	52	83	142
4468	52	83	143
4469	51	83	147
4470	51	83	141
4471	50	83	133
4472	50	83	136
4473	51	84	133
4474	50	83	137
4475	51	83	145
4476	51	82	148
4477	51	83	142
4478	51	83	139
4479	51	83	136
4480	51	83	136
4481	51	83	140
4482	51	83	136
4483	51	83	137
4484	51	83	136
4485	51	83	135
4486	51	83	139
4487	50	83	144
4488	51	83	148
4489	50	83	141
4490	50	83	142
4491	50	83	143
4492	51	83	145
4493	51	83	145
4494	50	83	144
4495	51	83	148
4496	50	83	146
4497	50	83	146
4498	51	83	147
4499	50	83	146
4500	50	83	150
4501	50	82	152
4502	50	83	142
4503	51	83	142
4504	50	83	141
4505	51	83	148
4506	49	83	155
4507	49	83	143
4508	49	83	149
4509	48	83	146
4510	49	83	149
4511	49	83	148
4512	49	83	148
4513	49	83	153
4514	49	83	152
4515	49	82	153
4516	48	83	145
4517	49	83	151
4518	49	83	154
4519	55	83	164
4520	59	83	149
4521	62	82	141
4522	64	81	166
4523	64	78	157
4524	66	71	143
4525	66	70	131
4526	66	69	128
4527	66	70	137
4528	66	69	133
4529	66	70	137
4530	66	69	142
4531	66	69	138
4532	66	69	142
4533	66	70	133
4534	66	70	140
4535	66	70	137
4536	66	70	140
4537	66	70	136
4538	66	70	140
4539	66	70	141
4540	66	69	140
4541	66	70	139
4542	66	70	138
4543	66	70	137
4544	66	70	139
4545	66	70	128
4546	66	70	134
4547	66	69	130
4548	66	70	135
4549	66	70	137
4550	66	69	127
4551	67	68	125
4552	66	66	94
4553	67	65	78
4554	67	65	75
4554	68	56	36	f
4555	67	65	76
4556	67	64	68
4556	69	56	42	f
4557	67	64	61
4557	69	56	52	f
4558	68	56	48
4559	68	55	67
4560	68	54	78
4561	68	53	79
4561	61	45	36	f
4562	65	44	111
4563	64	39	132
4564	63	29	150
4565	64	30	136
4566	63	28	150
4567	56	19	103
4568	42	20	91
4568	52	17	34	f
4569	39	21	139
4570	29	22	164
4571	27	22	138
4572	28	22	141
4573	27	23	133
4574	27	23	132
4575	27	23	132
4576	25	24	105
4576	18	34	41	f
4577	15	36	97
4577	22	26	44	f
4578	15	38	144
4579	15	36	114
4580	15	35	116
4581	15	35	116
4582	15	35	121
4583	16	35	107
4584	16	38	137
4585	16	50	158
4586	17	65	154
4587	19	72	159
4588	19	75	154
4589	23	80	151
4590	25	84	125
4591	29	87	82
4592	29	87	70
4593	41	89	61
4593	30	88	47	f
4594	42	87	79
4595	42	87	86
4596	41	88	78
4597	43	88	85
4598	43	88	95
4599	43	89	88
4600	43	88	94
4601	43	88	92
4602	43	88	94
4603	43	88	97
4604	42	88	88
4605	42	87	95
4606	42	86	102
4607	41	86	96
4608	41	86	89
4609	40	87	66
4610	40	87	42
4611	40	88	51
4612	41	87	50
4613	41	88	60
4614	42	87	74
4615	43	86	86
4616	48	85	151
4617	53	83	154
4618	59	82	161
4619	65	79	153
4620	66	77	164
4621	70	71	148
4622	70	72	139
4623	70	72	135
4624	70	71	151
4625	71	69	126
4626	71	69	129
4627	70	69	132
4628	70	69	127
4629	70	68	130
4630	71	68	129
4631	71	68	126
4632	71	68	126
4633	70	68	124
4634	70	68	123
4635	71	68	129
4636	70	67	107
4637	71	67	103
4638	71	67	112
4639	70	66	128
4640	69	65	108
4641	69	65	118
4642	67	67	139
4643	65	71	145
4644	63	74	148
4645	64	75	129
4646	66	76	164
4647	69	77	168
4648	70	79	159
4649	72	80	164
4650	73	81	148
4651	74	81	150
4652	74	81	168
4653	75	81	172
4654	76	82	172
4655	77	82	158
4656	82	82	156
4657	83	84	146
4658	85	84	143
4659	88	85	143
4660	89	87	153
4661	88	86	118
4662	89	86	138
4663	88	85	127
4664	88	86	132
4665	88	86	132
4666	88	86	137
4667	88	86	140
4668	88	86	138
4669	89	87	151
4670	89	87	150
4671	88	87	141
4672	88	87	138
4673	87	88	143
4674	87	87	147
4675	88	87	150
4676	88	87	145
4677	88	87	134
4678	88	87	135
4679	88	87	134
4680	88	87	147
4681	87	85	129
4682	87	84	134
4683	87	84	127
4684	87	84	133
4685	86	83	124
4686	86	83	118
4687	86	83	115
4688	86	83	118
4689	87	83	133
4690	86	83	130
4691	85	84	142
4692	84	85	153
4693	85	85	135
4694	86	85	145
4695	87	87	148
4696	88	87	143
4697	87	86	129
4698	88	87	132
4699	88	88	132
4700	87	90	127
4701	86	91	142
4702	84	91	154
4703	81	93	167
4704	79	93	175
4705	79	93	167
4706	76	93	169
4707	77	93	158
4708	77	93	154
4709	77	92	150
4710	77	93	153
4711	78	92	139
4712	76	92	144
4713	75	91	156
4714	72	90	154
4715	71	91	139
4716	61	92	154
4717	53	92	165
4718	51	91	155
4719	50	91	154
4720	49	90	156
4721	50	90	154
4722	49	90	147
4723	49	90	156
4724	49	89	156
4725	49	90	150
4726	49	90	153
4727	49	90	155
4728	49	89	156
4729	49	89	159
4730	50	89	142
4731	49	88	171
4732	50	89	159
4733	50	89	166
4734	49	89	169
4735	50	89	157
4736	50	90	152
4737	50	90	150
4738	50	90	146
4739	50	90	157
4740	50	90	161
4741	50	92	157
4742	50	91	158
4743	50	91	155
4744	51	91	136
4745	50	91	143
4746	50	91	143
4747	50	91	134
4748	50	92	137
4749	50	93	141
4750	50	93	141
4751	53	92	132
4752	53	91	146
4753	51	91	146
4754	51	91	157
4755	51	91	165
4756	51	92	163
4757	51	92	156
4758	47	90	143
4759	47	89	129
4760	48	88	136
4761	50	86	151
4762	51	85	143
4763	54	84	150
4764	59	83	160
4765	64	78	161
4766	68	74	166
4767	70	69	122
4768	70	69	127
4769	70	69	125
4770	70	69	123
4771	70	68	126
4772	70	69	123
4773	70	69	128
4774	70	69	123
4775	70	69	124
4776	70	69	127
4777	70	69	127
4778	70	69	127
4779	70	69	127
4780	70	69	123
4781	70	69	122
4782	70	69	123
4783	70	69	124
4784	71	69	125
4785	71	69	131
4786	70	67	110
4787	69	66	92
4788	69	65	83
4789	67	64	73
4790	65	63	35
4791	67	54	44
4792	67	54	47
4793	67	55	42
4793	65	63	42	f
4794	65	56	57
4794	65	63	34	f
4795	62	53	47
4796	62	54	38
4797	62	54	41
4798	62	54	38
4799	62	54	NP
4800	62	55	33
4800	68	56	30	f
4801	68	56	31
4802	61	56	36
4802	68	56	31	f
4803	68	56	31
4804	68	56	NP
4805	67	51	72
4806	66	40	104
4807	65	33	117
4808	67	33	94
4808	60	25	34	f
4809	62	23	151
4810	58	18	151
4811	58	18	142
4812	59	18	129
4813	56	17	103
4814	55	17	121
4815	54	17	129
4816	54	17	123
4817	51	17	133
4818	45	19	129
4819	40	20	134
4820	41	20	118
4821	39	20	137
4822	32	21	158
4823	31	22	166
4824	27	23	137
4825	25	24	129
4826	23	25	149
4827	20	26	163
4828	21	26	141
4829	19	29	144
4830	19	25	65
4830	16	34	62	f
4831	16	34	71
4831	19	25	60	f
4832	17	35	85
4832	19	26	45	f
4833	19	39	146
4834	19	46	151
4835	20	63	160
4836	22	75	165
4837	23	86	145
4838	23	85	130
4839	23	86	133
4840	23	86	135
4841	24	86	116
4842	28	89	90
4843	42	91	57
4844	43	92	88
4845	43	92	97
4846	43	92	92
4847	43	92	93
4848	43	91	96
4849	44	91	111
4850	44	91	113
4851	44	91	113
4852	44	91	107
4853	44	91	104
4854	44	91	105
4855	44	91	108
4856	44	91	105
4857	44	91	105
4858	43	91	103
4859	45	92	138
4860	46	91	150
4861	48	90	163
4862	55	86	143
4863	59	83	161
4864	64	75	156
4865	66	71	137
4866	66	71	123
4867	66	70	124
4868	66	70	137
4869	65	70	140
4870	66	70	129
4871	67	69	132
4872	68	68	153
4873	68	69	153
4874	67	69	128
4875	67	69	136
4876	67	69	137
4877	67	69	137
4878	67	69	138
4879	67	69	141
4880	67	69	139
4881	68	69	156
4882	68	69	153
4883	68	69	151
4884	68	69	150
4885	68	69	148
4886	67	69	124
4887	67	69	128
4888	67	69	123
4889	67	69	129
4890	67	69	127
4891	67	69	125
4892	67	70	128
4893	67	69	122
4894	67	67	92
4895	67	67	110
4896	67	67	105
4897	67	67	101
4898	67	67	108
4899	67	67	107
4900	67	67	100
4901	67	67	104
4902	67	67	108
4903	67	67	115
4904	67	67	108
4905	67	67	110
4906	67	67	109
4907	67	67	109
4908	67	68	108
4909	67	68	111
4910	67	68	118
4911	67	67	109
4912	68	66	99
4913	68	66	89
4914	68	66	96
4915	68	67	100
4916	68	67	102
4917	68	67	104
4918	67	67	105
4919	67	67	108
4920	68	67	94
4921	68	67	108
4922	69	67	104
4923	68	67	117
4924	69	68	105
4925	69	68	102
4926	69	68	104
4927	69	68	113
4928	69	68	114
4929	69	68	104
4930	69	68	97
4931	68	68	100
4932	68	68	102
4933	69	68	108
4934	69	68	103
4935	69	68	106
4936	69	68	106
4937	69	68	109
4938	69	68	107
4939	69	68	105
4940	69	68	105
4941	68	68	98
4942	69	68	95
4943	68	68	96
4944	68	68	93
4945	68	68	103
4946	68	68	109
4947	67	68	97
4948	68	68	110
4949	68	68	110
4950	68	68	109
4951	69	68	107
4952	69	68	105
4953	69	68	90
4954	69	69	101
4955	68	68	137
4956	68	68	142
4957	68	68	141
4958	68	68	138
4959	68	68	139
4960	67	68	149
4961	67	68	139
4962	67	68	131
4963	68	68	122
4964	67	68	135
4965	67	67	119
4966	67	68	122
4967	67	67	118
4968	68	68	107
4969	68	68	104
4970	68	68	104
4971	68	68	102
4972	68	68	108
4973	68	68	104
4974	68	68	100
4975	68	68	104
4976	68	68	102
4977	68	68	104
4978	68	68	105
4979	68	68	120
4980	67	68	109
4981	67	67	112
4982	67	68	113
4983	67	68	113
4984	67	68	130
4985	66	68	126
4986	67	68	124
4987	68	67	113
4988	66	65	76
4989	67	65	78
4990	66	64	67
4990	69	57	34	f
4991	65	63	44
4991	69	57	34	f
4992	65	63	48
4992	69	57	37	f
4993	65	63	42
4993	69	57	33	f
4994	68	64	79
4995	69	65	99
4996	70	67	118
4997	71	69	160
4998	71	69	144
4999	72	71	164
5000	72	75	153
5001	72	78	149
5002	72	79	153
5003	73	79	153
5004	77	82	167
5005	84	84	150
5006	84	84	132
5007	84	83	149
5008	84	83	145
5009	84	83	144
5010	84	83	147
5011	84	83	146
5012	84	83	145
5013	83	84	138
5014	84	84	139
5015	87	86	127
5016	88	87	113
5017	89	88	147
5018	89	88	139
5019	89	88	143
5020	89	87	132
5021	88	89	142
5022	87	90	153
5023	86	92	137
5024	85	93	152
5025	83	93	161
5026	79	93	163
5027	79	93	164
5028	79	93	156
5029	79	93	159
5030	79	93	155
5031	79	93	152
5032	79	93	150
5033	80	93	144
5034	80	93	147
5035	79	93	162
5036	78	93	157
5037	78	93	151
5038	80	92	155
5039	81	92	147
5040	80	92	154
5041	80	93	159
5042	79	92	163
5043	79	93	168
5044	79	93	164
5045	80	93	159
5046	80	93	159
5047	80	93	159
5048	80	93	153
5049	80	93	155
5050	79	93	165
5051	80	92	143
5052	80	92	157
5053	79	89	170
5054	77	87	158
5055	73	83	143
5056	73	83	145
5057	73	83	151
5058	71	81	144
5059	67	77	152
5060	65	73	153
5061	64	65	72
5062	66	50	54
5062	62	53	41	f
5063	66	41	99
5064	64	33	134
5065	68	26	141
5066	71	20	155
5067	73	19	132
5068	73	19	124
5069	77	18	129
5070	74	17	105
5071	75	17	109
5072	75	17	107
5073	75	18	109
5074	75	18	106
5075	75	18	103
5076	74	18	111
5077	74	18	107
5078	74	18	114
5079	74	18	112
5080	74	18	110
5081	75	18	107
5082	78	17	139
5083	78	17	131
5084	75	18	112
5085	75	18	119
5086	76	17	129
5087	76	17	124
5088	75	17	134
5089	74	16	123
5090	75	17	109
5091	76	18	117
5092	75	18	104
5093	77	17	143
5094	80	17	146
5095	80	17	150
5096	80	17	149
5097	80	17	152
5098	79	17	137
5099	78	16	141
5100	78	16	143
5101	76	15	86
5101	86	16	42	f
5102	79	15	125
5103	76	15	100
5104	76	14	100
5105	76	15	103
5106	76	15	101
5107	77	14	97
5108	77	14	95
5109	77	16	96
5110	80	17	120
5111	87	20	74
5111	77	17	57	f
5112	89	19	100
5113	94	21	166
5114	97	21	151
5115	96	21	147
5116	97	21	108
5117	97	21	NP
5118	97	21	NP
