Slice	X	Y	AREA
0	0	0	NP
1	85	93	147
2	85	93	148
3	85	93	144
4	85	93	147
5	85	92	135
6	85	92	134
7	85	92	143
8	85	92	137
9	85	92	141
10	85	92	139
11	85	92	142
12	85	93	141
13	84	93	151
14	85	93	146
15	85	93	140
16	85	93	139
17	85	93	140
18	84	93	157
19	85	92	145
20	85	92	142
21	85	92	151
22	85	92	146
23	84	92	148
24	84	92	151
25	84	92	156
26	84	92	154
27	84	92	148
28	85	92	154
29	83	92	154
30	84	93	160
31	84	92	150
32	85	92	158
33	84	91	154
34	84	91	158
35	84	91	156
36	84	91	149
37	84	91	147
38	84	91	152
39	84	92	156
40	83	92	162
41	83	92	162
42	83	92	159
43	83	92	156
44	84	92	148
45	84	92	145
46	84	92	149
47	84	92	143
48	84	92	146
49	84	92	148
50	84	92	147
51	84	92	147
52	84	92	147
53	84	92	151
54	84	92	151
55	84	92	151
56	84	92	152
57	84	92	152
58	84	92	154
59	84	92	151
60	85	92	149
61	84	92	151
62	84	92	151
63	84	92	155
64	84	92	154
65	84	92	154
66	84	92	157
67	84	92	155
68	84	92	158
69	84	92	158
70	84	92	156
71	83	92	159
72	83	92	164
73	83	92	162
74	83	92	163
75	84	93	154
76	84	93	163
77	81	93	169
78	68	93	192
79	56	92	179
80	53	93	171
81	53	93	179
82	49	91	157
83	45	88	157
84	45	88	149
85	45	88	143
86	46	89	133
87	46	90	141
88	46	90	142
89	46	90	157
90	46	90	145
91	46	90	146
92	46	89	144
93	48	88	162
94	51	87	152
95	56	86	162
96	68	86	174
97	81	86	172
98	83	87	161
99	84	88	167
100	83	87	159
101	82	88	169
102	80	87	138
103	81	87	159
104	84	86	153
105	87	86	151
106	86	86	145
107	87	87	157
108	86	87	148
109	87	87	157
110	86	85	142
111	85	85	149
112	85	84	149
113	85	85	138
114	85	85	154
115	88	88	149
116	89	88	144
117	88	89	146
118	86	92	136
119	86	92	143
120	86	92	141
121	87	92	137
122	86	92	130
123	86	92	139
124	86	92	142
125	85	92	143
126	85	92	143
127	85	92	144
128	85	92	142
129	87	92	139
130	87	92	139
131	86	91	150
132	86	91	125
133	85	92	143
134	83	93	144
135	81	93	179
136	80	93	161
137	74	93	174
138	69	92	159
139	62	92	157
140	59	92	159
141	53	93	178
142	52	93	157
143	49	91	165
144	46	88	147
145	47	89	147
146	47	90	154
147	49	90	167
148	51	91	173
149	50	91	157
150	51	91	160
151	55	91	175
152	61	91	180
153	68	90	176
154	77	87	183
155	83	87	159
156	85	88	165
157	85	88	164
158	85	88	152
159	87	89	150
160	87	89	152
161	85	87	141
162	85	88	161
163	86	88	160
164	86	88	155
165	86	89	153
166	86	89	160
167	85	88	144
168	86	86	140
169	86	86	156
170	86	86	155
171	86	85	149
172	86	85	150
173	86	85	144
174	86	85	139
175	87	86	143
176	90	87	139
177	89	89	136
178	88	89	139
179	88	88	140
180	88	88	151
181	87	89	149
182	87	88	151
183	87	89	154
184	87	88	153
185	87	88	155
186	87	88	155
187	88	89	147
188	87	89	156
189	87	91	154
190	85	93	150
191	86	93	142
192	85	93	146
193	85	92	147
194	85	92	147
195	85	92	151
196	85	92	153
197	85	92	154
198	85	92	150
199	85	92	147
200	85	92	150
201	85	92	151
202	85	92	151
203	85	92	154
204	85	92	153
205	85	92	147
206	85	92	154
207	85	92	154
208	85	92	154
209	85	92	154
210	85	92	150
211	85	92	149
212	85	92	148
213	84	92	147
214	84	92	145
215	84	92	146
216	84	92	141
217	85	93	140
218	85	93	144
219	85	93	145
220	86	92	139
221	85	92	142
222	85	92	138
223	85	92	141
224	85	92	140
225	85	92	141
226	84	91	144
227	84	91	144
228	85	92	142
229	85	91	146
230	85	91	144
231	85	91	149
232	86	91	158
233	86	90	152
234	86	89	152
235	88	88	174
236	88	88	156
237	87	88	148
238	87	87	153
239	86	87	159
240	85	87	171
241	85	87	171
242	80	87	182
243	73	87	175
244	62	90	171
245	57	91	181
246	52	93	154
247	49	88	151
248	46	87	144
249	46	86	136
250	46	86	141
251	47	86	147
252	46	87	149
253	46	87	143
254	46	87	144
255	46	86	149
256	46	87	153
257	46	87	151
258	47	86	153
259	52	82	157
260	54	82	185
261	57	82	168
262	57	82	167
263	64	77	176
264	66	69	149
265	67	68	134
266	69	66	82
266	72	55	65	f
267	69	53	90
267	69	65	77	f
268	69	65	78
268	68	54	73	f
269	70	66	98
269	68	55	68	f
270	69	67	110
270	68	57	37	f
271	68	63	164
272	68	53	98
272	68	65	69	f
273	68	53	94
273	69	64	63	f
274	69	49	154
275	71	43	174
276	71	44	140
277	69	40	172
278	67	37	171
279	68	39	141
280	68	39	134
281	67	37	160
282	67	35	158
283	66	35	176
284	66	34	180
285	67	36	164
286	67	33	172
287	70	30	191
288	73	29	177
289	73	29	169
290	74	27	172
291	72	26	165
292	70	24	188
293	69	24	193
294	70	29	170
295	71	30	179
296	72	28	183
297	75	26	188
298	75	26	193
299	71	27	197
300	68	22	182
301	64	19	189
302	65	20	190
303	69	20	177
304	72	17	164
305	76	16	179
306	82	15	182
307	91	13	153
308	94	14	162
309	102	15	144
310	100	14	83
311	100	14	NP
312	100	14	NP
313	100	14	NP
314	103	13	36
315	115	20	81
316	112	22	124
317	112	23	130
318	113	22	131
319	117	24	174
320	119	28	177
321	122	36	175
322	123	42	191
323	124	53	197
324	123	63	189
325	119	69	192
326	115	80	186
327	116	84	174
328	117	86	174
329	118	87	172
330	118	87	179
331	118	87	186
332	118	87	183
333	118	87	184
334	118	86	167
335	116	85	169
336	112	87	182
337	107	91	171
338	105	91	147
339	101	92	122
339	90	89	54	f
340	91	90	168
341	80	91	185
342	70	92	175
343	53	93	181
344	52	92	171
345	49	88	164
346	48	88	150
347	48	87	149
348	48	87	153
349	48	87	150
350	50	86	138
351	55	86	160
352	65	81	173
353	66	82	163
354	67	82	168
355	67	82	171
356	66	82	173
357	67	83	186
358	67	83	179
359	67	82	178
360	67	82	171
361	67	82	159
362	67	83	175
363	68	86	183
364	73	89	180
365	76	91	178
366	80	92	194
367	80	92	199
368	82	92	186
369	83	91	154
370	83	92	160
371	83	91	156
372	83	91	160
373	84	91	165
374	84	92	172
375	84	91	177
376	84	92	175
377	83	89	168
378	85	87	164
379	85	87	149
380	85	87	157
381	85	87	158
382	84	86	159
383	81	86	167
384	75	81	189
385	69	79	170
386	69	80	176
387	67	80	199
388	61	82	195
389	52	88	177
390	51	89	157
391	46	88	154
392	47	87	148
393	46	87	153
394	46	88	148
395	46	89	139
396	47	89	145
397	47	90	146
398	47	88	159
399	47	88	158
400	46	89	158
401	46	88	168
402	46	88	166
403	46	88	166
404	46	88	169
405	47	89	152
406	48	88	166
407	49	87	157
408	51	84	147
409	56	83	172
410	65	84	170
411	76	84	174
412	83	87	174
413	83	87	170
414	84	87	147
415	84	85	142
416	84	84	160
417	85	84	161
418	85	84	164
419	85	84	163
420	85	85	142
421	88	85	146
422	89	86	150
423	89	87	148
424	88	87	155
425	88	87	152
426	88	87	155
427	87	88	158
428	82	91	168
429	76	91	151
430	64	92	167
431	56	93	172
432	51	92	139
433	51	93	156
434	51	93	154
435	50	93	146
436	51	93	151
437	51	93	155
438	51	93	158
439	52	92	160
440	50	90	154
441	46	88	136
442	46	88	145
443	47	88	153
444	47	88	155
445	48	87	154
446	48	87	159
447	48	87	154
448	50	84	149
449	52	84	157
450	54	83	158
451	57	83	173
452	63	79	187
453	68	75	189
454	68	73	194
455	69	69	146
456	69	52	121
456	70	63	44	f
457	69	44	162
458	71	34	173
459	73	24	174
460	75	21	172
461	78	18	166
462	84	16	155
463	92	14	162
464	100	15	171
465	108	20	146
466	113	21	141
467	114	19	119
468	114	19	101
469	113	19	108
470	114	19	102
471	113	19	113
472	114	21	142
473	114	23	133
474	114	23	134
475	113	22	128
476	113	22	126
477	113	22	131
478	113	21	137
479	114	20	130
480	114	19	104
481	114	19	104
482	114	19	102
483	114	20	99
484	104	19	146
485	98	16	162
486	94	17	170
487	94	18	169
488	95	19	171
489	95	18	170
490	94	18	163
491	94	16	178
492	94	16	178
493	94	16	169
494	94	15	180
495	95	16	169
496	94	18	160
497	93	19	138
498	93	19	141
499	93	18	165
500	95	18	163
501	96	18	162
502	98	19	155
503	105	20	160
504	110	20	147
505	110	19	96
506	110	19	93
507	108	20	99
508	102	17	148
509	97	15	156
510	95	14	166
511	93	17	175
512	93	16	171
513	97	16	162
514	102	20	157
515	108	21	150
516	113	21	130
517	113	20	92
518	112	20	103
519	111	21	111
520	113	24	146
521	117	38	148
522	119	52	175
523	121	60	174
524	120	66	180
525	116	74	186
526	115	82	184
527	113	86	156
528	112	87	178
529	106	91	170
530	102	91	121
530	91	91	37	f
531	84	91	137
532	77	90	166
533	57	93	183
534	53	92	155
535	53	92	155
536	51	91	170
537	52	91	164
538	51	88	163
539	48	88	159
540	48	87	143
541	50	84	145
542	52	84	162
543	56	83	162
544	63	82	172
545	67	80	162
546	67	80	152
547	67	80	152
548	67	80	150
549	67	80	150
550	67	80	150
551	66	81	162
552	66	81	164
553	66	81	166
554	66	81	165
555	66	81	166
556	65	78	145
557	66	73	163
558	64	56	53
558	65	63	49	f
559	64	50	111
560	65	37	132
561	68	28	145
562	69	21	160
563	69	19	166
564	62	15	168
565	49	15	174
566	38	18	173
567	31	20	176
568	26	23	154
569	24	23	160
570	19	22	182
571	19	21	186
572	22	21	170
573	28	21	145
574	27	22	143
575	23	29	167
576	21	37	152
577	23	49	170
578	22	63	169
579	23	77	163
580	24	84	163
581	25	83	135
582	29	87	104
583	44	89	93
583	33	90	39	f
584	48	87	176
585	56	86	164
586	61	87	176
587	76	90	163
588	81	87	180
589	81	87	155
590	79	87	156
591	77	84	174
592	71	80	179
593	70	80	172
594	68	81	174
595	65	84	179
596	58	89	160
597	53	92	164
598	53	92	161
599	52	93	165
600	49	91	158
601	46	89	150
602	47	88	147
603	47	87	142
604	47	88	146
605	47	88	142
606	47	88	143
607	47	88	139
608	46	87	147
609	47	87	148
610	47	87	148
611	47	88	149
612	49	87	156
613	53	83	143
614	55	83	165
615	54	83	145
616	55	83	171
617	57	82	186
618	65	80	175
619	67	78	169
620	68	78	158
621	69	78	151
622	68	79	154
623	73	83	188
624	79	88	189
625	78	88	187
626	77	88	169
627	76	87	175
628	74	88	167
629	69	91	163
630	60	92	142
631	59	91	161
632	53	88	166
633	52	88	144
634	53	88	149
635	54	86	154
636	59	83	179
637	65	82	157
638	67	82	166
639	66	82	158
640	64	79	162
641	66	71	155
642	67	70	147
643	66	70	165
644	66	70	158
645	66	70	158
646	66	70	160
647	66	71	164
648	66	71	152
649	66	68	128
649	67	56	33	f
650	67	51	95
651	65	46	121
652	67	42	105
653	66	26	145
654	69	23	163
655	76	19	167
656	85	15	157
657	86	16	159
658	92	17	161
659	97	17	127
660	102	15	47
661	111	18	47
662	110	18	52
663	107	18	118
664	107	21	147
665	107	21	153
666	105	19	145
667	104	19	156
668	100	18	168
669	98	18	168
670	93	19	166
671	93	18	174
672	93	16	176
673	94	15	178
674	93	17	165
675	93	15	164
676	93	14	156
677	93	14	156
678	93	14	154
679	93	17	169
680	92	17	161
681	91	18	134
682	90	19	123
683	90	18	122
684	93	18	167
685	101	19	142
686	107	19	80
687	111	18	71
688	110	18	30
689	110	18	78
690	115	24	145
691	119	37	146
692	122	51	165
693	121	60	170
694	117	70	172
695	115	76	176
696	114	84	167
697	114	87	147
698	115	88	158
699	117	89	166
700	116	87	145
701	117	89	165
702	117	88	166
703	113	87	169
704	105	90	160
705	103	90	161
706	97	90	148
707	86	89	152
708	69	82	176
709	68	82	155
710	67	78	167
711	67	74	178
712	69	72	181
713	69	72	168
714	66	71	176
715	66	71	168
716	67	70	171
717	67	70	160
718	65	67	115
719	65	65	82
719	65	56	51	f
720	67	51	93
721	66	42	111
722	64	30	117
723	62	22	178
724	61	19	158
725	61	19	169
726	62	20	154
727	62	19	174
728	67	18	142
729	72	15	140
730	75	14	174
731	78	14	186
732	85	13	165
733	90	13	156
734	99	15	114
735	99	15	NP
736	99	15	NP
737	99	15	NP
738	106	17	30
739	111	18	102
740	116	22	125
741	114	21	116
742	117	36	89
742	113	25	66	f
743	117	45	162
744	117	60	162
745	118	71	171
746	120	81	150
747	121	84	162
748	119	81	163
749	114	84	138
750	105	88	184
751	102	89	123
752	96	90	148
753	83	91	164
754	72	91	160
755	66	92	160
756	65	91	163
757	61	90	160
758	59	90	154
759	59	89	172
760	59	87	169
761	61	87	150
762	61	85	161
763	62	80	165
764	65	73	171
765	67	71	163
766	65	70	157
767	65	69	156
768	65	69	154
769	66	68	123
770	66	54	56
771	67	47	97
772	68	36	145
773	68	23	153
774	69	20	155
775	72	20	157
776	76	18	161
777	76	19	151
778	80	16	171
779	77	17	143
780	79	17	173
781	89	15	139
782	95	12	147
783	101	13	90
784	103	15	60
785	103	15	NP
786	103	15	NP
787	103	15	NP
788	103	15	NP
789	103	14	57
789	110	20	55	f
790	109	21	145
791	108	19	109
792	105	19	128
793	97	20	175
794	94	21	143
795	93	18	164
796	93	17	180
797	94	17	169
798	95	18	163
799	94	17	178
800	94	17	149
801	97	15	140
802	99	13	113
803	99	15	113
804	100	15	92
805	99	16	92
806	99	16	99
807	98	17	125
808	103	19	163
809	112	23	138
810	114	22	116
811	113	22	116
812	113	22	109
813	113	22	113
814	112	22	111
815	111	21	94
816	106	19	111
817	95	20	156
818	95	19	160
819	93	17	166
820	94	16	156
821	94	16	159
822	96	17	140
823	98	18	156
824	101	14	79
825	101	13	100
826	101	13	92
827	101	11	73
828	107	19	147
829	119	34	78
829	113	25	69	f
830	121	42	167
831	122	58	156
832	119	66	164
833	117	73	154
834	121	84	154
835	122	87	142
836	121	86	149
837	120	84	134
838	118	84	154
839	106	88	169
840	98	89	159
841	86	88	156
842	74	87	169
843	68	88	135
844	65	89	175
845	57	90	162
846	54	91	155
847	54	91	158
848	56	89	156
849	56	87	167
850	53	87	155
851	52	86	155
852	54	88	135
853	54	88	130
854	55	87	147
855	57	86	138
856	59	85	161
857	64	79	140
858	69	70	153
859	68	70	149
860	69	68	130
861	69	66	100
862	67	57	98
863	68	51	101
864	68	44	151
865	69	37	144
866	71	33	127
867	70	33	135
868	71	33	140
869	70	31	161
870	71	22	161
871	73	21	155
872	73	20	172
873	73	20	169
874	71	23	127
875	71	23	131
876	71	23	136
877	73	21	153
878	66	20	158
879	60	18	154
880	58	16	159
881	48	15	152
882	42	14	146
883	36	14	188
884	34	13	192
885	36	14	167
886	38	15	145
887	39	15	146
888	36	16	177
889	29	16	188
890	22	15	193
891	21	14	207
892	21	15	206
893	25	15	188
894	32	17	182
895	32	17	185
896	35	17	184
897	37	16	188
898	39	17	176
899	40	17	180
900	41	17	179
901	42	17	181
902	42	17	185
903	41	14	160
904	41	14	163
905	43	15	154
906	44	15	140
907	43	15	131
908	44	15	138
909	44	16	145
910	43	15	138
911	45	17	107
912	44	15	158
913	40	12	174
914	41	13	148
915	43	13	149
916	43	15	157
917	37	17	178
918	36	17	148
919	38	17	154
920	40	18	158
921	43	16	139
922	43	16	132
923	43	14	143
924	43	13	137
925	43	13	145
926	44	14	145
927	47	16	116
928	43	18	169
929	33	22	154
930	26	24	171
931	22	24	140
932	20	26	152
933	19	23	152
934	20	23	153
935	22	27	146
936	21	42	157
937	22	60	166
938	22	74	165
939	22	84	158
940	17	87	193
941	18	85	159
942	19	83	162
943	18	79	167
944	18	78	169
945	20	80	140
946	24	85	164
947	33	90	147
948	46	91	148
949	58	92	161
950	69	90	153
951	79	86	169
952	83	88	162
953	84	88	158
954	84	87	142
955	84	87	133
956	83	87	149
957	83	87	142
958	80	86	147
959	72	81	174
960	69	80	152
961	69	80	153
962	70	80	159
963	70	80	153
964	65	72	166
965	65	69	154
966	65	67	122
967	66	64	70
967	67	54	53	f
968	67	53	65
968	67	63	55	f
969	69	43	136
970	70	31	156
971	71	26	149
972	72	22	152
973	71	21	165
974	73	24	143
975	81	20	165
976	94	15	148
977	99	14	106
978	102	14	55
979	102	14	NP
980	102	14	NP
981	103	16	51
982	113	19	52
982	102	15	47	f
983	110	21	107
984	109	21	119
985	110	21	118
986	115	27	150
987	120	36	142
988	122	42	180
989	122	44	176
990	121	43	169
991	118	49	179
992	116	61	179
993	117	71	165
994	119	82	165
995	118	84	158
996	115	86	153
997	105	91	154
998	98	91	148
999	85	91	151
1000	63	93	179
1001	52	92	160
1002	49	90	172
1003	49	90	167
1004	48	89	167
1005	48	88	159
1006	48	88	152
1007	49	88	160
1008	58	85	163
1009	64	80	170
1010	69	75	174
1011	69	71	161
1012	70	70	152
1013	69	65	80
1013	67	56	38	f
1014	67	56	52
1014	68	63	40	f
1015	65	54	90
1015	68	63	34	f
1016	67	55	57
1016	68	63	35	f
1017	67	55	57
1017	68	63	35	f
1018	67	55	65
1018	62	50	33	f
1019	67	47	113
1020	68	39	139
1021	70	34	172
1022	70	33	162
1023	70	32	169
1024	70	31	173
1025	71	31	192
1026	73	21	184
1027	74	20	177
1028	73	19	180
1029	75	18	176
1030	75	18	169
1031	75	18	173
1032	73	19	188
1033	66	17	184
1034	63	15	168
1035	62	15	170
1036	63	17	169
1037	59	17	173
1038	60	17	158
1039	60	18	161
1040	60	17	163
1041	57	16	143
1042	57	17	147
1043	54	17	159
1044	46	18	178
1045	36	17	172
1046	25	15	180
1047	21	14	191
1048	20	15	189
1049	25	15	167
1050	31	16	154
1051	41	13	144
1052	42	12	141
1053	43	14	149
1054	45	16	115
1055	45	16	102
1056	45	15	115
1057	45	16	148
1058	45	16	125
1059	45	18	137
1060	38	22	168
1061	27	23	176
1062	21	23	181
1063	23	21	172
1064	19	18	187
1065	21	19	172
1066	21	20	165
1067	21	22	159
1068	20	25	157
1069	16	28	150
1070	16	40	155
1071	15	51	171
1072	13	62	165
1073	14	62	142
1074	16	62	165
1075	19	72	155
1076	23	81	156
1077	30	88	143
1078	29	87	126
1079	29	88	123
1079	41	92	35	f
1080	43	90	87
1080	33	90	65	f
1081	46	89	146
1082	58	87	164
1083	69	83	166
1084	73	86	177
1085	81	86	166
1086	82	88	176
1087	82	88	176
1088	83	88	183
1089	83	88	188
1090	84	85	158
1091	86	84	125
1092	86	84	134
1093	88	83	96
1094	87	82	101
1095	85	84	144
1096	85	84	138
1097	86	85	150
1098	89	86	161
1099	88	86	152
1100	84	91	138
1101	80	93	154
1102	77	93	158
1103	73	93	165
1104	68	92	162
1105	71	91	134
1106	70	91	135
1107	70	91	130
1108	70	91	131
1109	71	91	135
1110	70	91	136
1111	71	90	140
1112	70	91	136
1113	71	91	137
1114	72	90	131
1115	69	87	177
1116	68	85	178
1117	64	85	184
1118	52	84	180
1119	47	86	168
1120	47	87	163
1121	46	87	170
1122	47	87	172
1123	47	87	174
1124	48	88	185
1125	49	90	158
1126	50	91	171
1127	49	90	153
1128	54	89	153
1129	54	88	170
1130	55	88	169
1131	54	88	154
1132	54	88	155
1133	55	88	166
1134	55	87	195
1135	55	87	186
1136	57	86	181
1137	64	85	170
1138	72	84	159
1139	72	86	156
1140	78	86	170
1141	82	89	143
1142	82	89	146
1143	81	88	125
1144	79	90	149
1145	76	91	143
1146	67	92	158
1147	57	92	160
1148	52	94	173
1149	48	90	154
1150	46	89	141
1151	47	89	139
1152	48	89	144
1153	51	87	147
1154	51	87	150
1155	52	88	152
1156	52	88	156
1157	52	88	153
1158	52	88	152
1159	52	88	150
1160	52	88	148
1161	52	88	150
1162	51	88	153
1163	54	85	160
1164	56	84	175
1165	56	84	177
1166	56	84	186
1167	55	84	187
1168	55	85	177
1169	55	85	174
1170	55	87	162
1171	61	89	164
1172	61	89	168
1173	60	89	171
1174	58	87	167
1175	61	80	156
1176	63	71	150
1177	65	67	100
1177	67	56	42	f
1178	68	49	128
1179	66	38	121
1180	66	31	114
1181	62	26	162
1182	58	21	160
1183	56	21	169
1184	50	18	158
1185	43	17	172
1186	39	15	194
1187	32	14	188
1188	21	13	192
1189	21	13	202
1190	29	13	162
1191	29	14	160
1192	29	13	168
1193	28	16	171
1194	24	19	178
1195	20	23	143
1196	20	23	152
1197	20	22	131
1198	21	22	136
1199	21	22	143
1200	25	21	162
1201	42	20	163
1202	44	19	148
1203	45	18	157
1204	43	16	163
1205	37	15	176
1206	39	15	155
1207	40	16	156
1208	40	16	153
1209	41	17	169
1210	32	19	167
1211	31	19	180
1212	29	20	179
1213	29	20	175
1214	24	23	161
1215	22	24	141
1216	22	23	160
1217	23	22	173
1218	19	17	199
1219	22	18	179
1220	21	18	193
1221	25	19	180
1222	28	20	156
1223	22	30	148
1224	18	49	157
1225	16	58	171
1226	15	60	169
1227	19	66	166
1228	22	79	169
1229	26	87	163
1230	29	89	128
1231	36	89	159
1232	32	90	77
1232	41	87	63	f
1233	37	88	130
1234	41	88	139
1235	44	87	146
1236	43	86	140
1237	43	86	138
1238	42	88	107
1239	40	88	77
1240	38	89	108
1241	40	89	57
1242	40	89	75
1243	40	89	119
1244	41	88	82
1244	34	91	32	f
1245	41	89	75
1246	41	89	73
1246	34	92	37	f
1247	40	91	126
1248	44	91	124
1249	53	88	168
1250	60	83	172
1251	63	80	175
1252	64	76	179
1253	65	74	175
1254	65	73	182
1255	65	72	153
1256	66	71	164
1257	65	70	158
1258	65	70	156
1259	65	70	156
1260	65	71	157
1261	66	71	156
1262	67	73	176
1263	68	70	167
1264	70	65	79
1264	71	56	45	f
1265	71	55	57
1266	71	50	122
1267	69	44	132
1268	68	33	160
1269	69	25	156
1270	69	21	147
1271	70	22	150
1272	76	19	165
1273	84	15	150
1274	90	14	143
1275	100	13	96
1276	102	13	68
1277	102	13	NP
1278	102	13	NP
1279	102	13	NP
1280	117	19	45
1281	114	19	97
1282	116	22	109
1283	119	27	158
1284	121	36	148
1285	122	40	160
1286	120	54	165
1287	121	68	169
1288	123	76	162
1289	123	85	175
1290	123	85	174
1291	123	83	153
1292	123	84	167
1293	122	81	174
1294	119	84	161
1295	115	87	160
1296	106	90	167
1297	103	90	137
1298	96	91	145
1299	89	90	151
1300	83	87	163
1301	76	86	174
1302	69	82	176
1303	69	82	172
1304	70	82	166
1305	69	81	173
1306	69	73	173
1307	69	73	166
1308	69	73	169
1309	69	73	189
1310	66	72	180
1311	66	71	177
1312	66	71	168
1313	66	71	166
1314	66	71	152
1315	67	69	133
1316	67	66	106
1316	67	56	36	f
1317	67	66	103
1317	68	56	32	f
1318	67	66	103
1318	68	56	31	f
1319	67	66	104
1319	68	56	33	f
1320	67	66	104
1321	68	66	95
1322	68	66	107
1323	67	66	118
1324	67	66	118
1325	68	67	111
1326	68	67	111
1327	68	66	120
1328	68	66	119
1329	67	67	118
1330	67	67	118
1331	69	54	81
1331	66	64	70	f
1332	68	51	123
1333	67	43	147
1334	66	32	136
1335	65	29	117
1336	65	30	116
1337	65	30	130
1338	65	29	142
1339	62	25	172
1340	59	21	163
1341	59	19	173
1342	61	21	162
1343	64	21	161
1344	67	19	178
1345	76	15	163
1346	78	15	168
1347	88	14	151
1348	94	12	145
1349	101	13	73
1350	101	13	NP
1351	101	13	NP
1352	101	13	NP
1353	111	18	32
1354	118	19	96
1355	117	20	90
1356	118	22	115
1357	118	22	111
1358	117	22	118
1359	116	22	119
1360	117	21	110
1361	117	21	107
1362	117	21	101
1363	117	21	102
1364	117	21	101
1365	118	21	105
1366	118	21	94
1367	118	21	96
1368	119	21	103
1369	120	23	92
1370	119	22	99
1371	120	22	101
1372	120	23	108
1373	119	22	100
1374	121	22	98
1375	121	26	70
1376	117	26	75
1377	116	26	81
1378	117	26	85
1379	104	19	151
1380	96	15	152
1381	96	15	151
1382	97	15	149
1383	96	15	153
1384	97	15	155
1385	96	17	162
1386	94	18	170
1387	94	18	172
1388	93	18	163
1389	93	18	146
1390	92	19	152
1391	92	19	155
1392	93	18	173
1393	95	18	162
1394	94	16	175
1395	91	16	151
1396	93	17	132
1397	95	15	154
1398	95	14	149
1399	97	14	135
1400	100	12	99
1401	101	12	83
1402	100	12	111
1403	99	12	117
1404	102	15	157
1405	103	17	158
1406	103	18	148
1407	103	18	146
1408	105	17	163
1409	111	22	132
1410	116	24	114
1411	119	30	140
1412	120	29	133
1413	120	31	145
1414	121	38	147
1415	123	57	155
1416	124	66	176
1417	122	63	148
1418	119	66	165
1419	117	73	179
1420	108	86	178
1421	105	89	170
1422	105	89	156
1423	102	90	130
1424	97	91	155
1425	94	92	155
1426	86	91	139
1427	82	88	161
1428	72	83	176
1429	71	82	149
1430	69	84	176
1431	58	89	163
1432	56	90	147
1433	56	89	150
1434	59	89	138
1435	59	88	134
1436	58	88	140
1437	55	88	172
1438	51	86	151
1439	51	85	156
1440	52	85	164
1441	50	84	168
1442	51	84	175
1443	53	87	137
1444	53	84	163
1445	53	83	151
1446	53	83	155
1447	53	84	156
1448	53	84	163
1449	53	84	161
1450	56	85	164
1451	62	85	167
1452	71	86	174
1453	76	87	179
1454	76	87	181
1455	82	90	166
1456	85	89	138
1457	86	88	132
1458	86	88	131
1459	87	88	127
1460	86	89	137
1461	86	89	139
1462	89	88	129
1463	88	88	155
1464	87	90	151
1465	85	92	158
1466	87	92	137
1467	86	91	145
1468	86	91	141
1469	85	91	145
1470	86	91	143
1471	85	91	153
1472	85	90	156
1473	85	90	149
1474	86	91	140
1475	86	91	138
1476	85	91	133
1477	85	91	140
1478	85	91	139
1479	86	91	136
1480	86	92	154
1481	85	93	163
1482	84	93	172
1483	86	92	157
1484	86	92	159
1485	86	92	158
1486	86	92	150
1487	86	91	128
1488	85	91	140
1489	85	91	142
1490	85	91	140
1491	85	91	142
1492	85	91	143
1493	86	91	130
1494	86	90	156
1495	86	89	161
1496	86	88	165
1497	87	87	152
1498	87	86	150
1499	87	87	159
1500	88	87	158
1501	88	87	150
1502	87	87	150
1503	86	86	145
1504	85	87	146
1505	84	88	156
1506	84	89	151
1507	84	89	159
1508	77	90	159
1509	66	92	154
1510	59	93	166
1511	53	93	170
1512	51	93	168
1513	51	92	153
1514	49	90	152
1515	45	88	144
1516	47	90	143
1517	47	90	139
1518	47	89	131
1519	47	89	119
1520	49	87	131
1521	49	87	145
1522	49	86	142
1523	49	86	159
1524	50	85	162
1525	50	87	155
1526	50	86	169
1527	54	85	162
1528	57	83	184
1529	67	81	168
1530	66	81	166
1531	65	76	171
1532	65	70	144
1533	66	68	132
1534	65	66	92
1534	67	55	39	f
1535	66	45	123
1536	67	33	167
1537	67	22	164
1538	69	19	163
1539	72	16	166
1540	72	18	174
1541	68	20	165
1542	61	15	163
1543	61	15	155
1544	53	17	144
1545	45	19	152
1546	39	20	167
1547	36	19	176
1548	29	15	184
1549	31	16	175
1550	32	17	170
1551	34	17	161
1552	34	18	156
1553	32	19	167
1554	29	19	185
1555	20	17	180
1556	20	18	191
1557	22	18	173
1558	28	19	157
1559	28	20	144
1560	23	28	141
1561	21	46	158
1562	22	61	155
1563	23	81	168
1564	25	86	146
1565	28	88	117
1566	30	89	106
1566	40	88	31	f
1567	42	86	67
1567	32	89	54	f
1568	38	87	142
1569	38	87	139
1570	33	90	59
1570	40	87	45	f
1571	35	89	98
1572	35	87	92
1573	33	86	96
1574	32	86	106
1575	32	86	96
1576	35	88	129
1577	39	89	138
1578	44	90	118
1579	51	89	170
1580	58	86	171
1581	65	80	158
1582	68	72	153
1583	66	70	156
1584	66	70	156
1585	66	70	158
1586	66	70	147
1587	66	70	157
1588	67	71	149
1589	67	71	165
1590	67	71	156
1591	68	71	159
1592	69	69	143
1593	70	68	131
1594	69	68	128
1595	69	68	128
1596	69	68	127
1597	69	67	118
1598	69	67	111
1599	69	67	113
1600	69	67	113
1601	69	66	108
1602	70	67	122
1603	70	67	135
1604	69	68	126
1605	69	67	130
1606	69	66	104
1606	64	56	42	f
1607	67	54	64
1607	62	50	33	f
1608	64	42	125
1609	63	33	135
1610	63	28	137
1611	63	28	152
1612	62	27	171
1613	61	26	164
1614	61	26	163
1615	61	24	151
1616	61	19	164
1617	61	19	150
1618	59	17	159
1619	59	18	163
1620	62	19	142
1621	64	19	162
1622	71	15	141
1623	77	15	158
1624	90	13	137
1625	90	13	144
1626	92	15	164
1627	101	20	150
1628	109	22	155
1629	112	21	147
1630	115	19	113
1631	114	20	107
1632	114	20	109
1633	114	19	107
1634	107	20	119
1635	104	19	133
1636	101	19	134
1637	95	21	158
1638	92	20	151
1639	89	18	125
1640	88	17	105
1641	90	15	131
1642	95	12	148
1643	95	12	158
1644	95	12	162
1645	93	12	149
1646	93	13	152
1647	94	15	176
1648	99	17	160
1649	109	20	142
1650	115	21	136
1651	114	21	123
1652	113	22	135
1653	117	31	155
1654	121	47	177
1655	121	61	169
1656	122	75	162
1657	116	85	168
1658	107	90	160
1659	106	91	160
1660	105	91	158
1661	103	91	126
1662	101	90	121
1662	90	88	32	f
1663	101	91	117
1664	98	90	139
1665	101	90	117
1666	98	91	152
1667	100	91	112
1668	97	91	152
1669	100	89	112
1670	100	90	134
1671	100	89	128
1672	100	89	143
1673	99	89	149
1674	100	89	118
1675	100	89	120
1676	98	90	149
1677	93	90	144
1678	85	91	152
1679	84	90	149
1680	76	89	165
1681	59	88	165
1682	53	90	151
1683	52	90	159
1684	48	90	150
1685	47	88	151
1686	49	85	164
1687	52	84	165
1688	55	83	162
1689	56	83	161
1690	56	83	163
1691	56	83	163
1692	56	83	161
1693	55	83	158
1694	56	83	156
1695	56	83	150
1696	56	84	154
1697	56	83	156
1698	56	83	157
1699	56	83	160
1700	56	83	154
1701	56	82	168
1702	56	82	170
1703	56	83	170
1704	55	83	151
1705	55	83	160
1706	55	83	159
1707	55	83	160
1708	55	83	161
1709	56	83	167
1710	55	83	154
1711	55	84	153
1712	54	84	155
1713	54	84	161
1714	54	86	157
1715	56	88	187
1716	56	88	188
1717	56	88	187
1718	54	88	154
1719	53	87	160
1720	51	89	175
1721	51	88	139
1722	53	88	151
1723	53	86	157
1724	54	84	164
1725	60	82	159
1726	66	77	159
1727	69	72	157
1728	69	68	122
1729	70	65	77
1729	69	55	55	f
1730	68	55	70
1731	67	47	86
1732	68	40	124
1733	70	33	142
1734	70	32	153
1735	70	33	159
1736	69	34	142
1737	69	34	160
1738	70	25	166
1739	71	19	154
1740	71	19	155
1741	70	20	148
1742	68	18	147
1743	64	14	168
1744	62	14	148
1745	63	14	154
1746	65	15	159
1747	63	17	173
1748	62	18	160
1749	62	18	158
1750	64	19	156
1751	66	23	152
1752	68	26	142
1753	68	31	151
1754	67	31	146
1755	67	38	139
1756	67	48	126
1757	68	50	133
1758	69	52	96
1759	69	52	104
1760	69	52	97
1761	68	50	78
1761	62	48	30	f
1762	69	50	84
1762	62	48	30	f
1763	68	49	78
1763	62	48	30	f
1764	68	51	108
1765	69	52	119
1766	71	52	105
1767	71	53	91
1768	70	53	95
1769	69	56	103
1770	68	56	110
1771	68	55	118
1772	69	55	81
1773	70	55	88
1774	68	54	90
1775	66	45	55
1775	61	50	53	f
1776	64	46	129
1777	66	40	133
1778	67	38	147
1779	67	38	147
1780	67	38	168
1781	68	38	164
1782	69	39	152
1783	68	39	170
1784	69	38	179
1785	67	37	102
1786	65	31	109
1787	63	28	161
1788	64	29	146
1789	66	30	107
1789	58	25	41	f
1790	63	28	144
1791	63	28	152
1792	67	27	156
1793	67	23	170
1794	67	24	163
1795	68	26	173
1796	68	22	142
1797	71	21	155
1798	76	17	150
1799	74	18	130
1800	77	17	160
1801	78	16	176
1802	79	16	177
1803	79	17	170
1804	78	17	166
1805	79	16	190
1806	86	14	169
1807	91	12	157
1808	96	13	146
1809	101	13	72
1810	101	13	NP
1811	101	13	NP
1812	101	13	NP
1813	101	13	NP
1814	104	17	34
1815	103	14	39
1816	110	19	106
1817	108	19	131
1818	112	20	73
1818	103	14	38	f
1819	109	18	127
1820	108	17	128
1821	110	20	103
1822	113	25	147
1823	116	32	134
1824	117	47	163
1825	119	59	168
1826	117	69	174
1827	113	79	171
1828	110	86	166
1829	105	90	154
1830	102	91	118
1831	100	91	119
1832	93	89	137
1833	92	89	139
1834	93	89	141
1835	89	88	84
1835	98	91	52	f
1836	91	88	155
1837	86	86	147
1838	86	86	140
1839	86	85	144
1840	85	86	143
1841	86	86	131
1842	87	85	122
1843	87	86	132
1844	83	88	173
1845	79	89	147
1846	74	90	146
1847	75	90	151
1848	75	90	162
1849	75	90	166
1850	75	90	173
1851	76	90	161
1852	74	89	182
1853	71	88	178
1854	67	86	166
1855	60	86	179
1856	52	88	164
1857	52	88	175
1858	52	88	170
1859	51	89	149
1860	48	87	153
1861	47	87	149
1862	48	85	159
1863	51	83	155
1864	51	83	145
1865	50	83	151
1866	51	83	142
1867	51	83	144
1868	51	83	144
1869	51	83	147
1870	51	83	143
1871	51	83	146
1872	51	83	151
1873	51	83	151
1874	52	83	151
1875	51	83	148
1876	51	83	151
1877	51	83	148
1878	51	83	148
1879	51	83	148
1880	51	83	148
1881	51	83	151
1882	51	83	152
1883	51	83	151
1884	51	83	152
1885	52	83	155
1886	52	83	155
1887	52	83	152
1888	52	83	156
1889	51	83	152
1890	51	83	149
1891	51	83	151
1892	51	83	147
1893	51	83	144
1894	51	83	150
1895	51	84	149
1896	51	84	151
1897	51	84	151
1898	51	84	151
1899	51	84	152
1900	51	83	152
1901	51	83	148
1902	51	83	148
1903	51	83	145
1904	51	82	148
1905	51	83	144
1906	51	83	145
1907	51	83	145
1908	51	83	144
1909	50	83	141
1910	50	83	146
1911	51	82	144
1912	51	83	149
1913	51	83	150
1914	51	83	139
1915	50	83	143
1916	51	83	143
1917	51	83	145
1918	51	83	144
1919	51	83	143
1920	51	83	144
1921	50	83	154
1922	50	83	153
1923	50	83	156
1924	50	83	151
1925	49	83	150
1926	49	83	146
1927	49	83	150
1928	50	83	152
1929	50	83	150
1930	49	83	149
1931	49	83	150
1932	49	83	150
1933	49	83	150
1934	50	83	155
1935	50	83	141
1936	50	83	147
1937	49	83	142
1938	50	83	139
1939	50	83	140
1940	50	83	140
1941	49	83	126
1942	50	83	136
1943	50	83	137
1944	50	83	138
1945	50	83	134
1946	50	83	138
1947	50	83	136
1948	50	83	139
1949	50	83	138
1950	50	83	141
1951	50	83	144
1952	50	83	143
1953	50	83	146
1954	50	83	146
1955	50	83	144
1956	50	83	145
1957	50	83	148
1958	49	83	155
1959	49	83	155
1960	50	83	145
1961	49	83	152
1962	50	83	143
1963	50	83	143
1964	50	83	143
1965	50	83	151
1966	50	83	142
1967	50	83	144
1968	50	83	149
1969	51	83	152
1970	51	83	166
1971	51	83	168
1972	52	83	177
1973	53	82	190
1974	54	85	185
1975	57	85	181
1976	57	84	172
1977	63	78	168
1978	64	76	161
1979	66	69	131
1980	67	67	128
1981	66	67	128
1982	67	68	123
1983	67	52	75
1984	67	40	114
1985	66	30	113
1986	65	26	132
1987	60	23	158
1988	60	22	149
1989	59	20	166
1990	58	18	157
1991	58	18	167
1992	59	19	148
1993	55	17	176
1994	51	15	184
1995	52	16	178
1996	48	16	184
1997	35	18	188
1998	31	16	196
1999	28	15	198
2000	23	15	201
2001	22	14	203
2002	23	15	202
2003	25	17	192
2004	26	21	191
2005	24	24	182
2006	23	28	172
2007	20	38	123
2008	20	41	154
2009	17	50	175
2010	17	49	148
2011	16	46	155
2012	14	43	150
2013	14	42	160
2014	14	41	168
2015	14	35	169
2016	14	32	162
2017	13	27	185
2018	13	25	177
2019	13	25	177
2020	13	26	174
2021	17	31	173
2022	22	26	165
2023	28	22	170
2024	40	17	171
2025	42	19	141
2026	42	21	127
2027	43	19	171
2028	46	17	140
2029	44	15	144
2030	46	15	115
2031	47	16	115
2032	48	16	109
2033	47	16	116
2034	45	17	142
2035	44	17	152
2036	38	16	171
2037	37	14	171
2038	35	13	183
2039	36	13	176
2040	37	14	164
2041	36	17	176
2042	35	19	166
2043	32	20	166
2044	25	24	152
2045	22	27	146
2046	21	45	162
2047	22	59	160
2048	22	74	164
2049	20	85	156
2050	18	88	165
2051	17	88	166
2052	17	85	154
2053	17	84	153
2054	18	84	145
2055	26	88	135
2056	35	90	134
2057	44	90	116
2058	51	89	167
2059	57	86	174
2060	58	85	172
2061	65	79	172
2062	68	75	160
2063	68	74	162
2064	70	71	153
2065	69	71	142
2066	67	70	172
2067	67	70	169
2068	68	68	120
2069	68	67	100
2069	66	56	33	f
2070	66	63	56
2070	67	55	44	f
2071	66	56	54
2071	66	63	49	f
2072	67	53	61
2072	66	63	53	f
2073	66	52	116
2074	67	41	121
2075	66	31	137
2076	65	20	145
2077	60	17	158
2078	60	17	152
2079	59	17	146
2080	57	17	156
2081	54	18	173
2082	43	22	159
2083	35	21	169
2084	28	19	185
2085	22	16	193
2086	23	17	188
2087	20	19	173
2088	20	18	166
2089	20	18	176
2090	24	18	160
2091	26	20	157
2092	25	21	141
2093	21	33	128
2094	21	54	164
2095	23	73	165
2096	25	85	168
2097	24	85	162
2098	23	86	163
2099	21	87	165
2100	18	89	172
2101	19	88	161
2102	19	87	172
2103	22	88	150
2104	26	89	132
2105	31	91	77
2105	41	92	53	f
2106	32	92	67
2106	41	92	64	f
2107	44	89	126
2108	54	87	167
2109	64	88	177
2110	73	89	160
2111	78	86	169
2112	84	84	143
2113	87	85	149
2114	90	87	146
2115	89	87	148
2116	88	89	151
2117	88	90	155
2118	87	90	146
2119	87	90	148
2120	87	90	141
2121	87	90	154
2122	87	90	150
2123	87	89	144
2124	87	90	155
2125	87	90	153
2126	87	90	139
2127	86	90	146
2128	87	90	154
2129	87	90	148
2130	87	90	153
2131	87	90	151
2132	87	90	147
2133	87	90	152
2134	86	90	152
2135	87	90	153
2136	88	89	129
2137	89	89	144
2138	89	89	144
2139	89	89	145
2140	88	89	141
2141	86	93	150
2142	86	93	148
2143	87	92	140
2144	87	92	142
2145	87	92	140
2146	87	92	150
2147	86	91	129
2148	87	92	142
2149	87	92	142
2150	88	92	126
2151	87	92	147
2152	87	92	144
2153	87	92	139
2154	86	92	143
2155	86	91	143
2156	86	91	145
2157	86	91	143
2158	86	91	142
2159	86	91	143
2160	86	91	143
2161	87	91	141
2162	87	91	137
2163	87	91	145
2164	87	91	135
2165	87	91	139
2166	87	91	143
2167	87	92	147
2168	87	91	144
2169	87	92	147
2170	87	92	148
2171	87	92	148
2172	87	92	144
2173	87	92	142
2174	87	91	144
2175	87	91	136
2176	87	91	128
2177	87	91	126
2178	87	90	144
2179	87	90	149
2180	84	88	166
2181	79	85	186
2182	74	85	172
2183	68	83	175
2184	68	83	169
2185	70	83	155
2186	70	82	175
2187	66	71	172
2188	67	69	147
2189	68	68	120
2189	69	56	35	f
2190	70	55	77
2190	67	64	63	f
2191	71	55	73
2191	69	63	34	f
2192	70	55	71
2192	68	63	40	f
2193	70	52	116
2194	70	46	149
2195	70	40	152
2196	70	40	148
2197	68	36	170
2198	66	27	139
2199	65	25	158
2200	61	23	159
2201	61	23	162
2202	59	22	147
2203	54	20	137
2204	53	20	149
2205	53	19	163
2206	48	16	156
2207	49	16	141
2208	48	18	143
2209	42	20	153
2210	39	21	167
2211	30	21	175
2212	24	22	178
2213	22	19	196
2214	21	19	201
2215	25	20	184
2216	27	21	179
2217	25	23	161
2218	24	23	159
2219	26	22	143
2220	26	21	145
2221	27	20	154
2222	30	19	158
2223	35	20	164
2224	40	21	146
2225	43	19	151
2226	45	17	139
2227	44	18	150
2228	44	15	156
2229	42	14	154
2230	41	16	160
2231	39	18	162
2232	39	18	161
2233	40	18	159
2234	36	21	143
2235	31	22	175
2236	22	24	160
2237	22	24	163
2238	22	22	168
2239	21	22	177
2240	21	22	168
2241	21	22	169
2242	20	22	182
2243	22	22	167
2244	27	22	155
2245	27	22	150
2246	24	25	164
2247	24	26	152
2248	22	29	158
2249	22	50	155
2250	23	66	156
2251	23	78	174
2252	27	88	138
2253	29	88	112
2254	34	89	143
2255	34	89	131
2256	34	89	118
2257	41	87	67
2257	31	90	66	f
2258	45	88	129
2259	50	87	153
2260	57	84	157
2261	58	84	167
2262	65	84	170
2263	69	83	151
2264	69	83	150
2265	70	83	164
2266	70	83	176
2267	80	84	167
2268	84	84	148
2269	86	84	149
2270	89	86	150
2271	90	87	140
2272	89	87	144
2273	89	88	157
2274	89	88	153
2275	89	87	113
2276	90	87	132
2277	88	87	147
2278	86	90	145
2279	85	91	144
2280	84	90	157
2281	80	91	153
2282	77	91	166
2283	63	93	165
2284	55	92	170
2285	51	93	163
2286	49	91	147
2287	46	90	151
2288	46	90	138
2289	46	90	153
2290	47	89	148
2291	46	91	142
2292	46	90	152
2293	46	89	147
2294	46	88	160
2295	46	88	163
2296	46	88	164
2297	46	88	166
2298	46	88	169
2299	46	88	170
2300	46	88	172
2301	46	89	143
2302	46	90	142
2303	47	90	138
2304	48	89	151
2305	47	90	150
2306	46	89	152
2307	46	89	154
2308	46	89	150
2309	48	88	145
2310	48	88	149
2311	52	86	154
2312	56	84	160
2313	59	83	148
2314	63	81	155
2315	68	81	144
2316	67	81	145
2317	68	76	159
2318	68	70	136
2319	68	68	113
2320	69	68	112
2321	68	67	128
2322	68	67	128
2323	68	67	132
2324	68	67	132
2325	68	67	132
2326	69	68	109
2327	69	67	105
2328	68	67	108
2329	68	67	108
2330	68	67	122
2331	67	67	131
2332	68	68	121
2333	68	68	119
2334	68	68	120
2335	68	67	116
2336	70	55	66
2336	68	64	62	f
2337	68	51	136
2338	67	45	114
2339	66	34	123
2340	62	24	156
2341	60	22	160
2342	57	18	149
2343	57	18	139
2344	57	18	153
2345	56	18	160
2346	55	18	167
2347	52	18	160
2348	46	20	146
2349	47	19	170
2350	44	19	151
2351	38	20	168
2352	30	20	177
2353	22	21	180
2354	24	19	192
2355	23	17	196
2356	23	18	194
2357	22	18	197
2358	20	18	204
2359	22	18	195
2360	27	20	176
2361	26	23	162
2362	22	28	145
2363	18	40	153
2364	14	50	171
2365	16	57	168
2366	15	68	162
2367	15	79	176
2368	15	84	167
2369	14	84	182
2370	14	84	182
2371	14	84	177
2372	15	80	155
2373	15	79	148
2374	15	79	145
2375	15	79	148
2376	15	79	146
2377	15	79	142
2378	15	79	143
2379	15	79	149
2380	15	79	149
2381	15	79	151
2382	15	79	150
2383	15	79	145
2384	15	79	144
2385	15	79	147
2386	15	79	148
2387	15	79	147
2388	15	79	147
2389	15	79	147
2390	15	79	147
2391	15	79	146
2392	15	79	146
2393	15	79	147
2394	15	79	147
2395	15	79	149
2396	15	79	148
2397	15	79	147
2398	15	79	148
2399	15	79	150
2400	15	79	150
2401	15	79	147
2402	15	79	146
2403	15	79	145
2404	15	79	148
2405	15	79	151
2406	15	79	146
2407	15	79	147
2408	15	79	146
2409	15	79	147
2410	15	79	143
2411	15	79	146
2412	15	79	147
2413	15	79	146
2414	15	79	147
2415	15	79	147
2416	15	79	147
2417	15	79	153
2418	15	79	147
2419	15	79	150
2420	15	79	148
2421	15	79	151
2422	15	79	151
2423	15	79	151
2424	15	79	152
2425	15	79	151
2426	15	79	147
2427	15	78	144
2428	15	78	143
2429	15	78	140
2430	15	79	145
2431	15	79	143
2432	15	78	141
2433	16	78	138
2434	16	78	148
2435	17	79	146
2436	19	80	155
2437	26	83	141
2438	29	83	122
2439	39	86	128
2440	45	86	136
2441	54	84	170
2442	58	82	161
2443	65	83	155
2444	64	83	164
2445	71	83	182
2446	79	84	183
2447	83	83	148
2448	84	83	149
2449	84	83	144
2450	84	83	146
2451	84	83	141
2452	84	83	149
2453	84	83	151
2454	84	83	151
2455	85	84	153
2456	88	85	136
2457	90	87	127
2458	89	86	139
2459	89	87	143
2460	89	87	150
2461	89	87	141
2462	89	87	147
2463	89	88	149
2464	89	88	151
2465	89	88	145
2466	88	89	149
2467	85	92	140
2468	86	92	136
2469	86	92	132
2470	85	92	131
2471	83	90	149
2472	82	88	178
2473	81	87	172
2474	80	86	176
2475	74	83	181
2476	70	81	162
2477	68	81	155
2478	68	82	159
2479	69	82	152
2480	70	82	142
2481	71	80	163
2482	69	76	167
2483	68	68	113
2484	68	66	86
2484	67	56	41	f
2485	65	55	72
2485	65	63	32	f
2486	64	45	115
2487	65	35	139
2488	67	27	121
2489	67	27	120
2490	69	25	150
2491	73	19	141
2492	77	18	167
2493	84	16	154
2494	85	15	162
2495	90	13	146
2496	92	13	154
2497	97	13	130
2498	98	13	111
2499	101	13	72
2500	101	13	NP
