Slice	X	Y	AREA
0	0	0	NP
1	74	87	188
2	74	87	176
3	81	89	182
4	80	86	193
5	77	85	161
6	77	85	176
7	77	86	159
8	75	88	155
9	70	83	173
10	68	78	175
11	68	79	144
12	68	81	156
13	65	83	180
14	55	88	183
15	54	89	192
16	57	89	168
17	57	87	155
18	54	88	183
19	50	88	151
20	49	89	151
21	47	90	137
22	53	90	159
23	55	90	169
24	60	88	165
25	63	83	177
26	68	78	188
27	70	71	168
28	71	68	140
28	69	57	32	f
29	68	52	124
30	66	47	150
31	66	39	151
32	66	33	167
33	67	26	176
34	66	21	150
35	67	19	167
36	72	16	165
37	73	16	157
38	72	16	123
39	73	17	144
40	73	16	127
41	73	16	146
42	74	16	144
43	72	16	141
44	74	15	124
44	86	16	40	f
45	87	15	183
46	99	17	175
47	107	18	178
48	114	20	184
49	116	21	173
50	115	19	152
51	115	18	161
52	115	18	166
53	116	17	170
54	117	17	172
55	118	17	181
56	113	17	166
57	111	17	161
58	111	19	174
59	111	18	176
60	108	16	167
61	105	16	179
62	99	18	180
63	93	15	167
64	93	14	159
65	94	17	155
66	93	18	159
67	90	17	154
68	90	19	141
69	89	21	129
70	89	20	121
71	89	18	132
72	96	19	190
73	100	21	171
74	101	20	168
75	109	16	171
76	113	15	169
77	111	15	162
78	105	17	154
79	102	16	162
80	98	17	191
81	96	16	194
82	100	19	151
83	104	17	162
84	105	15	159
85	105	14	138
86	105	12	125
87	100	18	152
88	103	17	187
89	109	15	184
90	114	14	168
91	116	15	172
92	117	14	171
93	117	15	180
94	113	14	183
95	111	17	173
96	112	22	158
97	114	31	184
98	116	44	182
99	116	55	183
100	115	69	184
101	114	78	187
102	113	85	170
103	111	87	180
104	106	90	176
105	104	90	146
106	98	90	159
107	89	89	165
108	79	87	180
109	69	81	186
110	69	78	183
111	69	74	197
112	68	74	176
113	69	79	174
114	66	80	191
115	51	86	178
116	51	87	194
117	55	87	180
118	61	91	159
119	63	91	167
120	74	91	165
121	79	89	185
122	83	88	160
123	83	87	171
124	86	86	154
125	87	83	119
126	85	84	136
127	83	84	125
128	78	84	198
129	70	80	176
130	67	78	175
131	65	70	164
132	67	60	165
133	69	45	175
134	70	37	177
135	71	25	183
136	75	18	168
137	79	18	184
138	88	15	182
139	102	15	192
140	113	16	191
141	116	15	184
142	115	15	177
143	115	15	184
144	116	15	184
145	110	17	172
146	111	21	166
147	112	23	160
148	113	23	147
149	111	21	152
150	111	19	141
151	105	20	173
152	95	20	168
153	93	19	144
154	91	20	135
155	91	20	158
156	92	19	141
157	95	21	156
158	93	18	148
159	93	17	171
160	104	20	178
161	113	21	178
162	117	24	149
163	116	23	148
164	116	20	164
165	119	17	160
166	122	16	155
167	120	15	154
168	121	13	131
169	121	14	133
170	117	19	153
171	108	14	184
172	94	14	152
173	96	15	156
174	93	18	166
175	93	19	132
176	90	19	100
177	91	19	112
178	90	21	125
179	91	21	126
180	94	19	133
181	92	17	172
182	90	16	158
183	93	15	154
184	93	15	153
185	93	15	152
186	93	15	154
187	93	15	149
188	94	14	158
189	94	16	158
190	91	19	184
191	91	19	165
192	94	18	164
193	106	13	182
194	116	13	164
195	118	14	172
196	118	13	174
197	117	13	174
198	112	14	172
199	112	19	166
200	114	25	163
201	115	32	178
202	115	57	178
203	114	74	181
204	113	84	179
205	117	87	173
206	118	88	184
207	118	89	178
208	118	89	176
209	117	88	174
210	117	87	163
211	114	86	160
212	108	90	165
213	103	91	141
214	94	92	168
215	87	91	154
216	63	90	170
217	52	89	172
218	52	88	173
219	51	86	161
220	50	84	118
221	50	82	108
222	49	83	115
223	48	82	125
224	48	83	126
225	53	88	132
226	55	87	175
227	68	83	171
228	73	83	184
229	78	86	192
230	85	90	181
231	82	88	166
232	84	86	188
233	85	85	181
234	85	86	152
235	85	89	170
236	83	88	145
237	82	87	159
238	81	87	165
239	80	86	164
240	71	89	176
241	68	91	166
242	68	90	144
243	64	88	182
244	54	86	169
245	52	88	187
246	52	89	185
247	50	90	153
248	47	91	129
249	49	90	135
250	55	89	165
251	59	85	175
252	66	79	178
253	70	72	179
254	72	67	127
254	71	56	40	f
255	72	51	137
255	71	63	32	f
256	71	45	178
257	72	25	170
258	72	20	168
259	67	16	183
260	63	15	180
261	60	14	162
262	48	17	130
263	40	17	90
264	21	16	70
265	18	17	140
266	24	15	71
267	25	15	37
268	25	14	59
269	26	12	59
270	26	13	37
270	36	23	31	f
271	38	21	47
271	28	12	30	f
272	41	19	109
273	42	16	125
274	40	18	116
275	42	19	130
276	44	19	114
277	44	20	123
278	43	19	122
279	42	18	125
280	41	15	129
281	37	21	81
282	37	21	NP
283	15	32	54
284	15	38	160
285	14	51	179
286	14	63	179
287	13	76	190
288	14	84	189
289	17	83	175
290	26	89	145
291	27	89	130
292	28	87	145
293	28	86	141
294	29	87	110
294	41	85	35	f
295	44	85	167
296	58	83	189
297	69	83	174
298	72	85	181
299	81	88	190
300	84	89	184
301	81	87	168
302	84	85	163
303	84	85	169
304	81	87	172
305	80	87	172
306	76	89	182
307	66	92	178
308	56	93	178
309	54	91	159
310	54	92	148
311	57	93	111
312	59	90	122
313	61	88	156
314	70	91	173
315	77	91	169
316	81	90	169
317	82	88	168
318	84	86	160
319	87	82	96
320	87	83	96
321	85	85	150
322	77	84	178
323	68	83	159
324	64	73	181
325	65	68	139
326	66	54	79
326	64	64	74	f
327	68	39	156
328	67	29	158
329	72	17	175
330	77	15	165
331	85	13	180
332	99	13	194
333	108	13	199
334	116	14	178
335	116	14	172
336	117	13	188
337	113	15	158
338	112	13	133
339	113	12	124
340	109	17	146
341	107	18	156
342	97	15	175
343	94	15	148
344	95	16	154
345	96	15	158
346	100	16	172
347	105	19	170
348	118	28	169
349	120	37	168
350	123	45	182
351	123	54	194
352	123	61	192
353	123	63	210
354	120	72	187
355	119	79	175
356	119	79	184
357	119	79	176
358	119	79	172
359	119	78	173
360	119	80	181
361	118	81	181
362	111	88	179
363	111	88	155
364	112	88	143
365	113	88	156
366	114	89	137
367	115	82	157
368	113	82	162
369	108	83	171
370	100	85	100
370	89	85	54	f
371	90	87	166
372	83	89	176
373	68	91	179
374	54	91	185
375	51	88	171
376	49	86	151
377	48	85	128
378	48	85	135
379	48	85	135
380	49	87	122
381	47	89	138
382	48	90	150
383	53	90	168
384	51	87	186
385	52	88	172
386	53	88	160
387	55	85	167
388	52	84	170
389	52	83	172
390	52	85	151
391	52	84	155
392	52	84	143
393	51	84	148
394	51	84	143
395	52	84	148
396	52	84	144
397	51	84	141
398	51	84	160
399	51	85	158
400	53	87	170
401	54	88	176
402	54	87	174
403	54	87	174
404	54	88	178
405	53	88	177
406	54	87	166
407	57	84	165
408	67	85	170
409	74	84	181
410	78	87	184
411	82	89	181
412	84	89	161
413	82	88	158
414	83	89	181
415	84	90	181
416	80	89	149
417	79	90	146
418	79	87	165
419	78	86	165
420	63	88	169
421	53	85	190
422	52	85	181
423	52	85	171
424	50	83	148
425	48	83	127
426	47	82	107
427	48	87	177
428	49	87	184
429	49	87	175
430	46	89	158
431	46	91	127
432	46	92	114
433	46	93	125
434	46	93	124
435	50	89	144
436	53	86	164
437	52	86	164
438	59	88	168
439	66	89	175
440	71	86	168
441	69	83	183
442	68	82	183
443	68	79	184
444	67	72	176
445	65	67	125
446	65	45	142
447	68	29	159
448	70	20	190
449	72	16	187
450	73	16	176
451	72	16	165
452	70	17	161
453	70	15	141
454	70	12	126
455	69	16	166
456	66	15	182
457	59	14	156
458	54	15	65
458	44	17	52	f
459	38	17	56
460	17	17	116
461	17	17	128
462	22	14	30
463	23	12	40
464	27	12	33
465	27	12	NP
466	39	12	122
467	41	13	116
468	43	14	120
469	44	15	125
470	44	15	96
471	45	17	54
472	45	17	NP
473	43	15	97
474	41	15	144
475	41	19	121
476	41	19	102
477	36	21	36
478	16	19	115
479	16	19	121
480	19	15	100
481	20	14	72
482	22	13	85
483	23	12	62
484	20	19	38
484	31	24	37	f
485	30	24	39
486	15	30	123
487	13	41	176
488	14	46	177
489	16	56	180
490	19	63	184
491	20	75	176
492	20	85	168
493	22	85	159
494	27	90	137
495	28	90	130
496	37	87	151
497	46	85	155
498	56	85	164
499	68	86	165
500	79	85	176
501	81	85	153
502	79	85	135
503	78	84	118
504	79	83	113
505	77	85	159
506	75	84	178
507	73	81	184
508	69	73	159
509	68	74	156
510	67	75	161
511	69	76	151
512	70	75	159
513	70	70	165
514	70	65	84
514	70	54	73	f
515	70	41	159
516	68	31	171
517	67	20	174
518	64	19	176
519	59	19	155
520	54	17	77
520	44	19	63	f
521	39	20	88
522	18	18	85
523	15	19	117
524	17	19	97
525	21	15	68
526	20	15	83
527	19	15	88
528	16	14	140
529	17	15	107
530	25	15	48
531	34	12	110
532	39	13	119
533	42	14	114
534	45	15	82
535	46	13	48
536	45	13	50
537	41	13	125
538	40	13	123
539	39	13	129
540	41	17	133
541	42	18	132
542	41	16	102
543	37	20	96
544	37	17	62
545	38	17	100
546	39	18	127
547	41	17	134
548	42	17	125
549	42	16	124
550	39	16	133
551	38	13	93
552	38	13	89
553	38	14	90
554	23	15	54
555	19	14	142
556	18	14	146
557	17	15	153
558	17	15	162
559	19	15	118
560	25	13	56
561	32	13	84
562	36	12	95
563	41	12	118
564	42	15	122
565	42	16	109
566	44	17	92
567	44	19	90
568	45	20	77
569	45	21	55
570	45	19	53
571	45	16	102
572	46	15	89
573	42	18	100
574	40	18	109
575	42	19	127
576	43	19	126
577	44	17	119
578	42	19	110
579	39	18	72
580	19	14	128
581	17	15	142
582	17	15	153
583	18	15	118
584	22	13	92
585	23	12	90
586	23	12	91
587	24	13	50
588	24	13	NP
589	27	12	41
590	28	12	44
591	20	17	57
592	17	17	124
593	17	16	136
594	16	16	130
595	16	15	135
596	21	17	97
597	23	16	47
598	23	16	NP
599	19	34	46
600	18	46	175
601	17	59	162
602	16	70	171
603	15	79	183
604	15	85	165
605	18	85	167
606	23	88	159
607	23	89	157
608	22	89	149
609	23	89	158
610	30	88	155
611	36	88	161
612	49	89	180
613	55	89	188
614	57	86	186
615	57	86	188
616	58	85	193
617	68	83	172
618	76	86	187
619	77	86	181
620	83	89	175
621	83	89	169
622	83	89	160
623	83	86	179
624	83	86	163
625	82	87	164
626	82	89	154
627	83	89	153
628	85	89	170
629	83	88	163
630	82	88	160
631	83	87	173
632	83	88	171
633	79	87	175
634	63	88	183
635	55	88	180
636	52	87	169
637	51	88	165
638	50	90	151
639	48	92	133
640	49	91	143
641	51	87	154
642	56	90	173
643	58	91	161
644	56	92	168
645	56	88	159
646	57	87	153
647	55	87	165
648	53	86	177
649	52	86	171
650	52	86	175
651	52	86	192
652	53	86	185
653	53	85	188
654	53	86	185
655	53	86	179
656	52	86	186
657	53	86	175
658	53	86	176
659	54	87	171
660	52	88	180
661	52	88	180
662	56	88	157
663	57	87	159
664	58	86	170
665	58	86	177
666	58	86	184
667	58	87	171
668	61	86	166
669	69	84	168
670	80	84	182
671	81	84	165
672	82	85	160
673	80	86	160
674	78	84	123
675	79	84	117
676	79	83	113
677	78	86	141
678	74	83	178
679	70	76	162
680	67	70	154
681	67	68	153
682	68	68	135
683	67	68	138
684	65	65	85
684	66	55	57	f
685	66	51	129
686	66	37	138
687	66	25	141
688	68	19	160
689	66	18	154
690	64	17	169
691	63	17	166
692	62	16	177
693	66	20	140
694	68	19	163
695	73	16	154
696	75	13	117
696	86	15	49	f
697	90	15	159
698	102	17	168
699	112	17	164
700	117	17	164
701	114	17	159
702	114	20	165
703	113	20	162
704	115	23	169
705	116	27	174
706	118	37	151
707	121	48	169
708	121	56	166
709	119	65	160
710	115	78	174
711	113	85	171
712	113	85	167
713	106	90	163
714	100	91	143
715	91	91	162
716	83	90	167
717	66	91	161
718	62	92	171
719	62	90	168
720	61	91	164
721	62	91	172
722	62	91	169
723	62	91	168
724	62	91	159
725	62	91	171
726	62	90	168
727	59	88	181
728	57	88	178
729	54	87	175
730	53	86	187
731	55	88	165
732	50	89	175
733	49	88	160
734	52	88	154
735	54	89	162
736	55	89	168
737	56	89	172
738	60	85	182
739	68	79	178
740	71	71	166
741	69	68	133
742	68	55	71
743	66	50	133
744	67	41	127
745	68	31	151
746	72	18	158
747	76	16	161
748	80	16	164
749	87	15	165
750	101	15	179
751	111	14	176
752	116	13	174
753	116	13	176
754	117	13	189
755	118	13	178
756	116	13	157
757	114	13	139
758	113	12	119
759	110	15	159
760	108	17	160
761	108	17	165
762	108	17	162
763	107	18	152
764	107	17	152
765	107	18	153
766	111	16	156
767	116	14	174
768	117	14	168
769	117	14	170
770	116	14	166
771	116	14	179
772	116	17	176
773	118	19	174
774	117	22	143
775	119	23	146
776	119	23	141
777	120	23	141
778	120	24	126
779	120	23	129
780	119	23	139
781	119	23	130
782	120	22	143
783	118	21	159
784	116	21	172
785	110	19	174
786	106	15	173
787	102	17	163
788	94	15	169
789	94	18	169
790	93	18	158
791	91	18	142
792	92	19	145
793	91	18	118
794	90	17	116
795	92	16	140
796	94	17	173
797	93	16	184
798	97	18	159
799	97	17	148
800	97	15	161
801	102	17	160
802	107	17	159
803	109	19	177
804	110	19	167
805	109	19	156
806	109	19	160
807	108	17	165
808	107	18	169
809	103	18	179
810	101	18	186
811	103	18	169
812	104	17	138
813	105	16	159
814	112	20	162
815	117	22	137
816	117	20	147
817	118	20	149
818	117	20	143
819	117	19	155
820	117	19	149
821	118	19	171
822	116	19	155
823	111	18	155
824	110	18	158
825	109	18	158
826	109	17	156
827	109	17	158
828	109	17	160
829	109	17	162
830	109	17	169
831	106	16	182
832	100	18	182
833	94	18	173
834	94	17	160
835	90	18	157
836	90	17	168
837	90	17	168
838	90	18	161
839	89	17	117
840	89	16	93
841	89	15	88
842	92	12	147
843	94	13	158
844	94	14	161
845	94	14	165
846	94	14	167
847	95	15	165
848	95	18	161
849	94	17	153
850	93	17	158
851	94	17	162
852	93	17	159
853	96	15	178
854	97	16	159
855	97	16	161
856	96	18	154
857	95	18	157
858	95	18	152
859	94	18	139
860	93	17	164
861	93	17	168
862	94	18	151
863	94	17	154
864	94	18	148
865	94	18	155
866	94	18	153
867	94	17	157
868	94	17	157
869	94	18	153
870	95	18	158
871	101	17	162
872	107	17	156
873	114	16	152
874	117	15	156
875	117	15	161
876	118	16	168
877	115	16	156
878	112	16	155
879	111	16	139
880	112	16	155
881	112	16	154
882	112	17	160
883	116	21	149
884	119	27	158
885	120	28	161
886	120	30	156
887	119	42	175
888	120	54	163
889	122	63	171
890	124	70	182
891	124	77	193
892	124	81	193
893	123	84	177
894	123	84	186
895	123	84	176
896	122	84	183
897	113	90	168
898	113	89	168
899	113	90	166
900	113	89	172
901	113	89	159
902	110	89	170
903	103	89	163
904	97	90	166
905	86	90	164
906	81	90	182
907	79	91	176
908	64	89	185
909	53	86	199
910	53	86	174
911	52	87	170
912	50	89	172
913	51	88	163
914	51	87	169
915	53	89	167
916	52	88	162
917	52	88	169
918	51	88	169
919	52	88	165
920	52	89	146
921	50	91	152
922	50	91	147
923	53	88	161
924	52	87	162
925	51	86	183
926	51	86	163
927	52	87	157
928	53	87	178
929	54	87	172
930	59	89	164
931	66	85	182
932	69	83	171
933	70	80	165
934	70	74	167
935	69	69	143
936	70	66	108
936	63	57	30	f
937	70	66	107
937	67	56	31	f
938	68	54	87
938	68	63	50	f
939	68	47	153
940	66	30	130
941	65	24	158
942	60	19	169
943	62	21	146
944	62	21	146
945	64	22	163
946	69	16	165
947	72	14	164
948	75	15	174
949	88	14	165
950	95	13	187
951	99	13	180
952	110	15	184
953	116	15	165
954	117	15	168
955	116	18	173
956	116	22	163
957	119	27	170
958	120	35	175
959	121	45	182
960	122	61	177
961	122	71	168
962	123	78	170
963	122	77	170
964	121	83	178
965	122	86	184
966	123	86	180
967	123	86	175
968	123	86	163
969	122	84	163
970	119	86	178
971	113	90	156
972	111	90	177
973	101	91	142
974	93	91	153
975	84	90	162
976	74	88	161
977	62	85	167
978	61	86	176
979	57	88	168
980	51	89	166
981	52	89	170
982	52	89	166
983	53	88	147
984	51	86	160
985	52	86	186
986	53	88	167
987	49	90	157
988	47	92	146
989	46	91	116
990	47	92	131
991	49	91	165
992	51	90	159
993	54	89	174
994	59	90	165
995	68	90	160
996	71	87	168
997	71	85	163
998	70	79	165
999	67	73	164
1000	68	68	121
1001	68	54	76
1001	67	65	75	f
1002	67	39	123
1003	66	28	144
1004	63	19	157
1005	65	19	170
1006	70	17	170
1007	75	15	160
1008	73	15	141
1009	73	15	149
1010	73	15	153
1011	72	16	153
1012	74	15	150
1013	73	15	140
1014	74	15	132
1015	75	15	128
1016	76	16	133
1017	76	16	127
1018	74	14	110
1019	76	15	147
1020	75	15	124
1021	82	14	175
1022	97	13	162
1023	110	14	167
1024	116	14	163
1025	117	14	176
1026	118	14	176
1027	114	13	179
1028	110	15	179
1029	109	17	164
1030	105	17	173
1031	96	18	177
1032	93	17	153
1033	93	17	153
1034	93	18	169
1035	92	19	173
1036	92	19	172
1037	92	19	168
1038	92	19	162
1039	93	18	152
1040	93	16	162
1041	91	15	141
1042	89	12	112
1043	89	12	110
1044	91	15	130
1045	91	17	140
1046	90	18	154
1047	90	18	161
1048	91	15	153
1049	93	14	169
1050	93	14	167
1051	92	17	169
1052	92	15	160
1053	94	16	159
1054	93	16	157
1055	93	16	156
1056	93	16	160
1057	93	17	160
1058	93	17	160
1059	93	16	169
1060	95	15	181
1061	95	14	189
1062	93	17	159
1063	93	17	156
1064	92	17	153
1065	93	17	151
1066	92	16	147
1067	92	16	146
1068	92	16	148
1069	93	16	154
1070	93	16	149
1071	93	16	150
1072	92	16	162
1073	94	18	176
1074	99	19	165
1075	109	22	164
1076	116	21	155
1077	117	22	150
1078	119	21	175
1079	117	21	168
1080	114	20	168
1081	114	18	176
1082	111	17	173
1083	106	14	173
1084	94	16	167
1085	92	17	149
1086	92	17	137
1087	91	16	110
1088	90	15	102
1089	92	16	112
1090	96	16	150
1091	91	16	146
1092	92	18	149
1093	95	14	162
1094	97	14	156
1095	95	15	151
1096	96	15	166
1097	104	18	166
1098	117	23	149
1099	117	22	150
1100	117	21	163
1101	117	21	163
1102	117	20	162
1103	117	19	166
1104	115	20	157
1105	115	20	153
1106	114	23	169
1107	114	24	152
1108	116	26	158
1109	117	34	154
1110	121	55	162
1111	122	63	169
1112	122	65	169
1113	121	67	168
1114	121	72	171
1115	116	87	157
1116	115	88	166
1117	112	87	166
1118	106	87	165
1119	105	86	164
1120	104	86	156
1121	101	88	167
1122	91	89	170
1123	86	90	153
1124	83	90	153
1125	82	90	171
1126	83	90	162
1127	76	87	180
1128	64	84	155
1129	66	84	138
1130	65	79	185
1131	64	73	182
1132	65	73	159
1133	67	72	169
1134	67	68	138
1135	72	55	68
1135	71	64	64	f
1136	70	52	137
1137	70	44	156
1138	68	26	168
1139	69	20	142
1140	71	18	163
1141	76	15	165
1142	90	14	164
1143	99	14	162
1144	108	13	181
1145	115	13	182
1146	113	13	184
1147	110	17	171
1148	110	18	170
1149	114	25	167
1150	116	30	161
1151	117	30	161
1152	119	34	163
1153	121	46	171
1154	121	61	163
1155	119	75	169
1156	116	82	175
1157	108	87	178
1158	103	89	163
1159	103	89	172
1160	103	89	145
1161	98	91	167
1162	87	90	157
1163	78	86	175
1164	68	82	180
1165	67	81	152
1166	67	82	166
1167	65	84	186
1168	56	88	184
1169	53	90	186
1170	52	87	183
1171	51	87	171
1172	49	86	151
1173	48	86	117
1174	47	84	114
1175	46	85	103
1176	47	86	116
1177	47	89	147
1178	47	89	145
1179	49	88	145
1180	52	89	162
1181	53	88	162
1182	53	88	161
1183	54	88	162
1184	55	89	160
1185	54	90	170
1186	55	90	155
1187	55	88	167
1188	55	88	161
1189	55	89	168
1190	57	89	149
1191	57	89	151
1192	55	88	170
1193	55	88	173
1194	54	88	155
1195	54	87	150
1196	54	87	155
1197	54	86	159
1198	55	85	147
1199	55	86	151
1200	55	86	159
1201	61	84	177
1202	66	84	175
1203	76	86	171
1204	84	89	164
1205	84	89	161
1206	83	89	173
1207	84	89	171
1208	83	87	171
1209	84	86	157
1210	85	87	152
1211	87	86	147
1212	87	83	116
1213	87	82	92
1214	87	84	113
1215	88	83	106
1216	86	86	165
1217	86	86	150
1218	86	86	165
1219	86	86	167
1220	86	86	166
1221	86	86	163
1222	86	86	162
1223	86	87	162
1224	83	89	168
1225	81	88	165
1226	81	87	162
1227	72	85	174
1228	65	83	178
1229	63	83	170
1230	63	84	166
1231	61	86	174
1232	52	89	173
1233	51	89	172
1234	52	89	176
1235	52	89	173
1236	53	89	158
1237	54	89	152
1238	53	89	150
1239	53	88	165
1240	53	88	164
1241	53	88	162
1242	53	89	166
1243	48	88	151
1244	48	90	149
1245	49	89	140
1246	48	90	155
1247	49	89	152
1248	49	89	154
1249	49	90	153
1250	49	90	153
1251	50	90	150
1252	50	90	141
1253	50	90	139
1254	50	90	137
1255	50	91	146
1256	50	91	139
1257	50	91	139
1258	50	90	135
1259	50	90	134
1260	50	90	133
1261	50	91	140
1262	50	90	131
1263	50	90	136
1264	50	90	135
1265	49	90	150
1266	50	91	141
1267	50	90	145
1268	50	90	148
1269	50	89	148
1270	50	90	144
1271	50	90	144
1272	50	90	143
1273	49	89	145
1274	50	90	145
1275	50	89	145
1276	50	89	150
1277	50	89	159
1278	50	89	157
1279	50	89	154
1280	50	90	158
1281	50	89	174
1282	52	88	168
1283	63	84	181
1284	67	81	145
1285	68	82	159
1286	68	81	176
1287	67	80	172
1288	66	80	164
1289	66	82	161
1290	66	82	164
1291	66	81	161
1292	66	80	157
1293	68	70	136
1294	65	61	142
1295	66	37	148
1296	68	27	164
1297	66	21	161
1298	61	16	164
1299	59	17	148
1300	43	17	75
1300	53	16	48	f
1301	39	16	86
1302	37	15	37
1303	37	15	37
1304	36	13	37
1305	37	17	106
1306	39	18	99
1307	39	17	102
1308	37	14	71
1309	37	14	NP
1310	17	25	38
1311	16	24	60
1312	14	24	77
1313	17	20	59
1314	16	16	134
1315	15	17	149
1316	17	18	116
1317	21	17	131
1318	27	13	118
1319	35	12	98
1320	41	14	121
1321	41	14	112
1322	42	13	124
1323	41	14	110
1324	40	13	106
1325	39	13	116
1326	38	17	117
1327	38	17	116
1328	24	13	114
1329	19	13	166
1330	21	15	156
1331	20	17	95
1332	17	22	73
1332	19	33	34	f
1333	18	37	113
1334	17	46	169
1335	19	55	160
1336	18	54	145
1337	18	52	152
1338	19	50	167
1339	20	46	179
1340	19	45	161
1341	19	42	161
1342	18	39	154
1343	18	20	118
1344	23	14	131
1345	36	12	116
1346	42	13	119
1347	42	12	121
1348	41	13	124
1349	43	13	130
1350	44	15	109
1351	45	16	96
1352	44	18	106
1353	45	19	91
1354	46	20	75
1355	46	21	89
1356	45	21	88
1357	44	18	105
1358	42	15	108
1359	44	13	109
1360	43	13	99
1361	40	14	122
1362	39	13	131
1363	42	14	146
1364	43	15	133
1365	43	15	131
1366	42	19	112
1367	43	18	108
1368	43	18	115
1369	39	19	69
1370	22	16	68
1371	17	16	140
1372	16	16	153
1373	16	16	154
1374	19	16	122
1375	26	13	75
1376	27	13	44
1377	27	13	45
1378	27	13	NP
1379	28	13	38
1380	28	12	37
1381	28	12	49
1382	28	12	40
1383	28	12	59
1384	18	20	91
1385	16	22	99
1386	18	21	72
1387	16	34	71
1387	17	23	60	f
1388	14	37	151
1389	14	41	176
1390	18	56	163
1391	21	63	165
1392	21	74	178
1393	22	84	180
1394	26	89	160
1395	31	89	157
1396	31	89	152
1397	31	90	93
1397	42	91	72	f
1398	46	91	170
1399	49	92	187
1400	48	90	176
1401	49	88	190
1402	55	86	191
1403	56	86	175
1404	57	85	169
1405	65	81	185
1406	67	80	168
1407	69	82	176
1408	77	86	194
1409	77	87	189
1410	79	87	171
1411	82	85	182
1412	82	85	180
1413	81	86	167
1414	85	86	160
1415	87	86	148
1416	90	87	115
1417	86	84	139
1418	85	85	163
1419	84	86	174
1420	82	87	169
1421	80	86	174
1422	62	88	182
1423	52	89	178
1424	52	90	179
1425	51	89	147
1426	52	87	157
1427	49	86	144
1428	48	85	119
1429	47	85	120
1430	47	85	138
1431	47	85	123
1432	47	88	150
1433	48	88	175
1434	48	90	194
1435	49	90	187
1436	48	90	181
1437	48	86	129
1438	48	84	147
1439	48	84	146
1440	49	85	166
1441	50	86	160
1442	51	88	165
1443	50	87	186
1444	50	87	188
1445	50	87	183
1446	50	87	185
1447	50	87	178
1448	50	87	177
1449	52	88	166
1450	53	86	181
1451	53	85	173
1452	57	87	175
1453	61	89	168
1454	62	90	165
1455	62	90	170
1456	62	90	142
1457	61	90	145
1458	62	91	168
1459	63	91	162
1460	63	90	166
1461	63	91	174
1462	63	91	167
1463	63	91	181
1464	63	91	176
1465	63	90	181
1466	63	90	179
1467	63	91	186
1468	63	91	184
1469	63	91	183
1470	63	91	185
1471	63	91	184
1472	63	90	180
1473	61	89	146
1474	61	88	139
1475	61	88	145
1476	61	88	150
1477	61	88	149
1478	61	88	153
1479	61	88	150
1480	62	88	161
1481	62	88	161
1482	61	88	155
1483	62	88	159
1484	63	89	167
1485	65	91	183
1486	66	90	192
1487	68	89	169
1488	68	89	157
1489	68	83	152
1490	68	77	169
1491	65	69	146
1492	65	59	131
1493	67	47	97
1493	62	50	30	f
1494	65	41	122
1495	64	31	161
1496	68	19	156
1497	64	19	162
1498	59	16	151
1499	43	17	72
1499	54	16	59	f
1500	38	15	87
1501	33	12	71
1502	33	12	NP
1503	33	12	NP
1504	33	12	NP
1505	17	23	48
1506	15	25	60
1507	16	21	82
1508	15	19	118
1509	15	19	110
1510	16	22	57
1511	20	17	67
1512	20	19	54
1513	38	13	42
1514	41	15	115
1515	41	14	110
1516	41	14	121
1517	43	18	114
1518	43	18	80
1519	44	18	91
1520	45	20	76
1521	46	21	81
1522	45	21	77
1523	43	18	116
1524	44	17	138
1525	45	17	123
1526	43	19	111
1527	42	17	135
1528	40	15	107
1529	27	13	123
1530	17	15	155
1531	17	15	144
1532	18	14	139
1533	20	15	139
1534	21	15	109
1535	17	22	67
1535	19	33	36	f
1536	18	36	88
1537	17	49	166
1538	20	56	176
1539	20	60	167
1540	21	61	166
1541	21	60	161
1542	21	59	136
1543	22	56	106
1544	21	54	139
1545	20	51	164
1546	19	51	173
1547	20	52	175
1548	20	52	175
1549	21	46	183
1550	20	42	150
1551	19	41	157
1552	17	36	126
1553	15	24	152
1554	14	22	146
1555	15	25	150
1556	18	20	141
1557	22	16	97
1558	32	12	129
1559	40	12	127
1560	41	12	124
1561	42	13	123
1562	42	13	88
1563	43	13	53
1564	44	11	45
1565	39	11	90
1566	43	15	127
1567	45	15	103
1568	45	15	127
1569	43	18	136
1570	41	20	148
1571	42	19	130
1572	42	19	116
1573	37	18	61
1573	27	13	38	f
1574	27	12	45
1575	27	12	45
1575	36	21	33	f
1576	27	12	58
1576	36	20	33	f
1577	26	13	61
1577	36	20	35	f
1578	36	20	35
1578	25	14	30	f
1579	36	20	NP
1580	19	20	79
1581	17	23	72
1581	18	33	44	f
1582	19	35	81
1582	16	24	57	f
1583	16	41	173
1584	14	52	176
1585	14	55	178
1586	13	57	182
1587	16	66	171
1588	20	72	169
1589	20	74	179
1590	22	76	164
1591	27	84	147
1592	28	85	143
1593	29	84	138
1594	29	84	142
1595	30	84	103
1595	42	85	56	f
1596	41	85	167
1597	38	85	160
1598	36	85	156
1599	36	85	161
1600	36	85	162
1601	37	85	169
1602	37	85	172
1603	37	85	166
1604	36	85	157
1605	36	86	160
1606	38	87	172
1607	37	86	163
1608	36	87	158
1609	36	87	159
1610	35	85	149
1611	34	85	136
1612	35	85	152
1613	36	85	148
1614	36	85	162
1615	35	85	148
1616	35	85	146
1617	35	85	140
1618	35	85	144
1619	35	85	147
1620	35	85	142
1621	35	85	139
1622	35	85	130
1623	35	86	147
1624	37	88	148
1625	43	90	156
1626	48	91	177
1627	52	89	180
1628	58	86	178
1629	65	79	199
1630	67	75	185
1631	69	73	166
1632	67	72	178
1633	67	71	172
1634	68	75	150
1635	69	76	154
1636	68	77	148
1637	69	79	170
1638	69	79	174
1639	71	81	181
1640	75	84	178
1641	83	87	161
1642	85	86	165
1643	86	84	139
1644	87	85	109
1645	89	84	84
1646	88	86	120
1647	86	86	138
1648	85	86	129
1649	76	83	176
1650	69	82	166
1651	67	82	164
1652	64	83	173
1653	54	90	178
1654	53	89	181
1655	51	89	179
1656	49	87	177
1657	49	89	140
1658	49	91	131
1659	47	92	134
1660	53	91	139
1661	55	91	159
1662	58	90	159
1663	60	89	143
1664	60	90	136
1665	61	90	131
1666	64	90	138
1667	64	91	142
1668	65	90	151
1669	64	90	145
1670	65	91	164
1671	64	90	149
1672	64	91	130
1673	63	88	124
1674	62	87	151
1675	63	85	152
1676	66	86	174
1677	75	90	174
1678	79	90	190
1679	83	91	186
1680	83	88	179
1681	86	87	174
1682	86	87	167
1683	87	85	146
1684	88	86	114
1685	88	85	123
1686	89	83	92
1687	89	83	99
1688	88	85	115
1689	86	86	118
1690	85	87	129
1691	84	89	153
1692	83	89	154
1693	80	85	165
1694	77	84	169
1695	76	86	168
1696	68	90	183
1697	64	92	189
1698	57	91	180
1699	56	92	180
1700	54	90	175
1701	50	88	186
1702	49	88	153
1703	49	87	155
1704	48	87	151
1705	47	87	117
1706	46	86	106
1707	46	86	117
1708	49	87	138
1709	51	91	154
1710	52	91	160
1711	51	91	161
1712	51	90	168
1713	52	87	160
1714	55	85	178
1715	56	85	187
1716	66	78	183
1717	68	74	177
1718	70	74	128
1719	68	71	139
1720	69	67	121
1721	66	57	129
1722	64	45	153
1723	66	37	153
1724	68	29	167
1725	66	19	179
1726	61	17	174
1727	55	15	92
1727	43	16	48	f
1728	50	17	140
1729	54	16	74
1729	45	20	53	f
1730	48	18	152
1731	44	16	137
1732	41	15	110
1733	36	13	82
1734	18	17	143
1735	17	18	130
1736	19	17	98
1737	17	18	118
1738	19	18	108
1739	20	18	80
1740	19	20	85
1741	20	17	95
1742	20	15	73
1743	21	16	49
1744	41	13	125
1745	42	14	118
1746	43	14	120
1747	42	13	123
1748	43	14	118
1749	43	14	125
1750	44	15	116
1751	45	17	111
1752	45	18	71
1753	46	18	37
1754	45	17	45
1755	43	16	84
1756	42	18	86
1757	43	17	112
1758	43	16	115
1759	41	15	117
1760	42	16	137
1761	42	17	143
1762	42	17	135
1763	44	17	128
1764	41	22	124
1765	42	19	120
1766	45	19	83
1767	43	18	109
1768	39	16	136
1769	38	15	118
1770	38	15	115
1771	38	15	117
1772	38	14	128
1773	38	14	126
1774	38	14	113
1775	39	14	96
1776	41	17	80
1777	41	17	87
1778	36	14	143
1779	29	13	104
1780	19	16	158
1781	17	16	150
1782	18	15	135
1783	19	14	124
1784	20	15	122
1785	23	14	92
1786	23	15	77
1787	21	17	84
1788	20	16	77
1789	20	18	57
1790	19	21	45
1791	19	34	53
1792	17	37	129
1793	17	51	169
1794	16	59	168
1795	18	65	175
1796	19	69	157
1797	19	79	173
1798	20	86	165
1799	21	87	159
1800	27	89	129
1801	41	91	159
1802	43	92	164
1803	42	91	156
1804	43	90	166
1805	47	87	154
1806	52	86	173
1807	52	86	179
1808	60	83	180
1809	68	80	183
1810	68	78	169
1811	70	73	175
1812	68	73	169
1813	67	71	177
1814	70	74	149
1815	69	70	151
1816	71	67	126
1816	72	56	32	f
1817	70	65	78
1817	72	55	69	f
1818	70	65	86
1818	72	55	61	f
1819	71	65	83
1819	69	55	69	f
1820	68	52	103
1821	68	46	152
1822	67	36	140
1823	64	24	160
1824	59	19	155
1825	58	20	143
1826	47	19	134
1827	41	20	109
1828	18	20	49
1829	18	20	NP
1830	18	20	NP
1831	18	20	42
1832	15	19	109
1833	17	18	85
1834	17	17	132
1835	16	16	126
1836	20	18	109
1837	21	17	121
1838	24	14	80
1839	36	13	114
1840	41	14	112
1841	43	15	119
1842	43	15	114
1843	44	17	108
1844	45	19	109
1845	46	20	97
1846	45	18	78
1847	45	14	84
1848	46	14	67
1849	45	15	77
1850	41	17	101
1851	40	17	99
1852	40	17	99
1853	40	17	101
1854	41	18	101
1855	38	18	67
1856	38	18	58
1857	37	18	53
1858	39	16	101
1859	39	16	92
1860	39	18	85
1861	39	17	78
1862	40	17	81
1863	39	16	81
1864	42	15	127
1865	42	18	96
1866	40	17	128
1867	39	18	104
1868	38	19	38
1868	25	14	34	f
1869	28	14	81
1870	17	21	115
1871	16	34	70
1871	17	24	54	f
1872	15	38	157
1873	17	47	167
1874	20	53	148
1875	19	50	135
1876	19	49	159
1877	18	52	169
1878	17	64	175
1879	18	72	174
1880	20	77	183
1881	26	84	178
1882	31	88	143
1883	31	88	93
1883	41	85	54	f
1884	40	86	153
1885	47	85	169
1886	50	84	163
1887	49	84	172
1888	59	85	183
1889	71	85	182
1890	71	84	186
1891	70	84	155
1892	69	82	173
1893	70	76	186
1894	72	73	183
1895	70	75	175
1896	68	75	180
1897	68	74	186
1898	67	74	192
1899	68	75	167
1900	70	76	144
1901	70	76	150
1902	70	75	146
1903	70	74	155
1904	69	74	150
1905	67	74	155
1906	69	75	161
1907	69	75	157
1908	70	76	155
1909	73	79	173
1910	74	80	173
1911	78	86	171
1912	79	86	165
1913	84	88	156
1914	84	87	167
1915	85	86	165
1916	85	86	156
1917	86	86	127
1918	87	87	125
1919	88	86	114
1920	88	84	137
1921	88	84	135
1922	86	85	143
1923	85	87	151
1924	86	87	151
1925	86	88	154
1926	81	86	179
1927	75	83	170
1928	66	83	172
1929	66	83	160
1930	67	81	170
1931	65	74	159
1932	65	71	170
1933	66	72	158
1934	66	70	161
1935	66	68	131
1936	68	65	97
1936	72	57	44	f
1937	67	65	111
1938	67	66	120
1939	68	65	120
1940	68	65	126
1941	67	66	126
1942	66	66	113
1943	68	63	52
1943	68	56	51	f
1944	68	54	84
1945	68	51	60
1945	61	45	39	f
1946	64	45	116
1947	63	31	122
1948	63	20	138
1949	63	19	108
1950	60	21	156
1951	56	19	108
1952	44	20	136
1953	42	19	109
1954	41	16	104
1955	25	14	110
1956	18	13	146
1957	19	15	161
1958	15	20	159
1959	15	21	135
1960	15	21	128
1961	15	22	128
1962	16	20	138
1963	15	17	138
1964	19	16	115
1965	24	15	67
1966	29	12	50
1967	29	12	41
1968	29	12	43
1969	39	20	88
1970	42	18	107
1971	42	19	109
1972	42	20	100
1973	42	17	142
1974	39	16	108
1975	24	15	122
1976	20	19	122
1977	17	22	120
1978	17	20	116
1979	16	20	122
1980	15	19	129
1981	16	19	131
1982	17	19	91
1983	20	20	51
1984	21	19	43
1985	21	19	52
1986	20	19	48
1987	22	17	30
1988	22	17	30
1989	22	17	30
1990	22	17	30
1991	22	17	NP
1992	22	17	NP
1993	19	35	47
1994	19	35	NP
1995	19	35	NP
1996	19	35	NP
1997	19	35	NP
1998	20	33	33
1999	14	33	62
2000	14	33	65
2000	18	24	33	f
2001	14	32	43
2001	17	24	36	f
2002	18	23	60
2002	16	32	36	f
2003	18	22	62
2003	16	33	42	f
2004	19	22	55
2005	19	22	44
2005	20	33	33	f
2006	20	35	57
2007	20	44	175
2008	20	59	175
2009	21	72	174
2010	24	82	174
2011	30	87	164
2012	30	87	142
2013	30	86	130
2014	38	85	168
2015	46	85	172
2016	51	84	191
2017	51	85	176
2018	53	86	178
2019	60	88	174
2020	62	89	158
2021	62	89	177
2022	62	89	185
2023	62	89	179
2024	62	89	180
2025	61	88	177
2026	60	88	176
2027	59	88	177
2028	59	88	190
2029	57	87	168
2030	54	89	189
2031	57	87	158
2032	59	89	171
2033	63	92	172
2034	66	90	170
2035	69	78	167
2036	69	70	159
2037	70	67	123
2037	71	56	34	f
2038	72	53	121
2039	71	53	124
2040	69	53	113
2041	65	42	121
2042	65	42	129
2043	65	33	158
2044	67	25	141
2045	65	18	129
2046	62	18	149
2047	63	18	134
2048	62	17	146
2049	62	17	137
2050	62	17	154
2051	62	17	143
2052	61	17	159
2053	62	18	147
2054	61	17	165
2055	62	16	159
2056	64	21	155
2057	65	21	158
2058	70	16	160
2059	74	15	164
2060	76	16	153
2061	75	16	136
2062	76	16	152
2063	76	16	154
2064	75	16	146
2065	75	17	142
2066	74	18	144
2067	73	19	162
2068	73	18	164
2069	73	20	155
2070	72	30	181
2071	72	31	172
2072	71	29	156
2073	70	26	132
2074	68	23	130
2075	70	23	155
2076	73	21	151
2077	75	19	168
2078	77	18	163
2079	80	17	170
2080	89	16	159
2081	95	13	179
2082	106	13	180
2083	114	13	183
2084	119	19	163
2085	120	23	162
2086	121	27	168
2087	122	35	177
2088	120	39	172
2089	118	41	198
2090	117	41	188
2091	119	39	166
2092	120	40	177
2093	121	43	172
2094	122	49	174
2095	123	55	188
2096	121	66	185
2097	119	72	165
2098	120	83	177
2099	122	85	173
2100	122	84	166
2101	122	84	166
2102	119	81	173
2103	115	84	183
2104	106	90	177
2105	101	90	164
2106	88	90	171
2107	84	91	169
2108	79	92	181
2109	66	90	176
2110	53	87	180
2111	55	88	166
2112	52	89	173
2113	52	90	178
2114	56	87	157
2115	54	85	150
2116	52	86	175
2117	50	85	156
2118	49	83	128
2119	49	82	106
2120	49	83	102
2121	52	88	137
2122	53	88	162
2123	56	86	178
2124	63	83	183
2125	67	82	165
2126	71	83	175
2127	77	85	181
2128	84	86	164
2129	84	86	177
2130	84	86	182
2131	83	87	161
2132	85	88	169
2133	85	89	154
2134	85	89	160
2135	83	87	144
2136	82	85	137
2137	82	84	129
2138	83	83	116
2139	80	88	170
2140	77	89	159
2141	71	82	170
2142	67	77	172
2143	66	70	161
2144	67	64	139
2145	66	55	70
2145	66	63	45	f
2146	66	55	121
2147	68	47	128
2148	70	42	150
2149	69	43	125
2150	68	48	122
2151	69	49	108
2151	61	48	32	f
2152	70	48	117
2153	69	49	120
2154	69	49	128
2155	66	51	125
2156	66	51	134
2157	67	50	94
2157	62	52	30	f
2158	68	52	106
2159	68	53	110
2160	68	53	103
2160	70	64	31	f
2161	68	66	86
2161	69	56	54	f
2162	68	66	92
2162	69	56	53	f
2163	69	66	94
2163	69	56	53	f
2164	69	67	106
2164	69	56	53	f
2165	70	67	125
2165	69	57	47	f
2166	70	66	107
2166	69	56	53	f
2167	67	66	111
2167	69	57	43	f
2168	66	67	144
2169	67	67	142
2170	67	67	129
2171	68	67	114
2172	67	67	118
2173	67	67	115
2174	67	67	131
2175	67	68	132
2176	67	68	135
2177	67	68	135
2178	66	66	115
2179	68	66	96
2180	68	66	90
2181	68	66	101
2181	69	58	30	f
2182	69	67	108
2183	69	67	112
2184	69	65	93
2185	69	66	97
2186	67	66	116
2187	67	66	119
2188	67	66	120
2189	69	67	112
2190	69	67	117
2191	70	67	125
2192	71	69	175
2193	72	77	186
2194	75	86	158
2195	75	86	168
2196	76	85	174
2197	77	86	175
2198	84	86	180
2199	82	86	155
2200	85	87	177
2201	87	89	158
2202	88	89	150
2203	87	87	143
2204	87	88	169
2205	87	88	162
2206	86	88	176
2207	82	90	165
2208	81	91	168
2209	81	89	170
2210	75	86	172
2211	71	85	164
2212	72	84	167
2213	71	80	165
2214	71	79	160
2215	70	79	170
2216	71	79	169
2217	72	75	163
2218	71	75	107
2219	71	76	112
2220	71	76	109
2221	70	78	142
2222	68	77	155
2223	68	77	155
2224	67	77	163
2225	67	74	163
2226	66	69	142
2227	66	55	73
2227	68	64	48	f
2228	65	46	142
2229	65	29	113
2230	60	22	169
2231	59	18	168
2232	56	18	123
2233	46	19	146
2234	41	20	103
2235	38	21	93
2236	18	18	59
2237	18	21	96
2238	18	21	NP
2239	18	21	NP
2240	15	24	60
2241	15	22	74
2242	14	22	95
2243	14	21	108
2244	14	21	106
2245	16	20	73
2246	23	16	48
2247	25	15	60
2248	40	16	65
2249	42	14	122
2250	41	17	101
2251	46	18	96
2252	46	17	96
2253	46	17	93
2254	46	17	93
2255	47	17	72
2256	46	19	78
2257	44	17	84
2258	42	15	117
2259	42	16	130
2260	43	15	126
2261	43	15	125
2262	43	16	141
2263	43	15	126
2264	40	16	91
2265	38	17	53
2266	36	13	36
2267	36	13	NP
2268	36	13	NP
2269	36	13	NP
2270	17	34	53
2271	19	34	64
2271	17	25	32	f
2272	19	34	65
2272	17	25	36	f
2273	20	35	76
2273	17	25	36	f
2274	21	35	82
2274	17	25	32	f
2275	21	36	94
2276	20	34	63
2276	17	25	35	f
2277	18	33	47
2277	17	25	38	f
2278	19	34	57
2278	17	24	42	f
2279	17	34	74
2279	17	25	40	f
2280	16	34	71
2281	15	34	86
2282	16	33	53
2283	17	34	61
2284	17	35	74
2285	16	36	104
2286	15	38	161
2287	15	45	163
2288	18	53	174
2289	20	57	172
2290	21	71	167
2291	21	74	177
2292	27	86	163
2293	29	87	144
2294	29	87	119
2295	31	87	144
2296	34	86	146
2297	38	86	150
2298	45	86	158
2299	52	86	179
2300	57	84	179
2301	65	80	177
2302	68	79	158
2303	66	79	162
2304	65	72	171
2305	65	72	160
2306	65	72	179
2307	65	71	179
2308	65	70	158
2309	65	66	101
2309	66	55	53	f
2310	66	66	112
2310	67	56	31	f
2311	65	66	123
2312	65	67	126
2313	67	66	129
2314	67	66	122
2315	67	65	101
2315	71	58	30	f
2316	67	65	118
2317	67	65	117
2318	66	65	114
2319	67	65	102
2319	68	56	32	f
2320	66	65	105
2320	69	56	33	f
2321	66	65	105
2322	66	65	103
2323	67	64	86
2323	71	56	50	f
2324	67	65	86
2324	70	56	45	f
2325	68	55	69
2325	68	64	48	f
2326	67	49	115
2327	66	26	129
2328	64	22	141
2329	64	22	140
2330	63	21	143
2331	64	24	142
2332	64	22	140
2333	63	22	149
2334	63	20	149
2335	62	22	144
2336	63	22	136
2337	64	22	142
2338	66	20	162
2339	69	16	164
2340	71	16	148
2341	71	15	149
2342	71	16	145
2343	70	15	144
2344	70	15	142
2345	71	15	149
2346	72	16	130
2347	73	17	149
2348	74	18	154
2349	74	18	164
2350	73	18	158
2351	73	18	155
2352	73	18	156
2353	72	18	164
2354	71	16	149
2355	72	16	151
2356	72	16	159
2357	73	15	151
2358	73	14	131
2358	86	13	32	f
2359	93	14	182
2360	105	14	181
2361	108	14	170
2362	107	13	162
2363	106	14	172
2364	105	15	170
2365	106	14	164
2366	106	14	159
2367	106	14	165
2368	106	14	156
2369	106	14	156
2370	106	14	159
2371	106	14	160
2372	106	15	164
2373	109	15	168
2374	112	14	177
2375	117	14	158
2376	117	15	174
2377	118	16	169
2378	117	15	176
2379	115	14	161
2380	111	15	163
2381	111	18	165
2382	111	19	170
2383	111	22	163
2384	111	21	145
2385	115	27	179
2386	117	37	157
2387	117	51	168
2388	115	66	165
2389	115	66	161
2390	116	70	163
2391	120	79	171
2392	122	86	168
2393	121	85	154
2394	121	85	151
2395	120	84	146
2396	120	84	142
2397	120	84	154
2398	116	89	164
2399	109	91	163
2400	101	91	147
2401	90	91	152
2402	85	91	159
2403	83	91	163
2404	84	90	152
2405	84	91	152
2406	84	90	150
2407	84	89	157
2408	80	88	169
2409	78	87	178
2410	75	85	171
2411	67	82	179
2412	64	82	173
2413	53	85	182
2414	53	87	177
2415	52	87	155
2416	51	89	157
2417	49	89	165
2418	48	90	165
2419	48	92	136
2420	50	90	147
2421	52	86	151
2422	54	87	169
2423	58	88	177
2424	57	87	167
2425	57	86	186
2426	61	82	180
2427	63	78	181
2428	66	71	165
2429	66	69	152
2430	68	67	134
2431	67	68	130
2432	67	67	133
2433	67	67	129
2434	66	54	89
2435	65	44	132
2436	67	33	142
2437	68	22	165
2438	66	19	131
2439	60	16	157
2440	56	16	97
2441	42	17	84
2442	42	17	NP
2443	42	17	NP
