Slice	X	Y	AREA
0	0	0	NP
1	87	89	156
2	85	89	153
3	77	83	171
4	71	81	171
5	71	79	162
6	69	76	168
7	67	71	156
8	67	69	142
9	67	69	141
10	66	68	138
11	66	67	98
11	68	56	44	f
12	70	54	83
12	67	64	74	f
13	69	53	93
13	68	64	67	f
14	67	49	165
15	67	41	132
16	66	40	160
17	67	45	134
18	67	38	155
19	70	34	188
20	69	34	183
21	67	34	174
22	66	33	180
23	65	32	189
24	67	36	162
25	67	37	154
26	69	34	185
27	70	33	190
28	70	31	183
29	69	31	177
30	71	29	180
31	72	28	186
32	72	27	183
33	71	28	186
34	70	29	186
35	67	28	199
36	66	27	188
37	66	27	191
38	67	26	190
39	68	32	179
40	67	32	178
41	65	30	196
42	67	32	162
43	71	29	181
44	73	25	177
45	73	26	174
46	76	25	181
47	76	25	185
48	77	23	172
49	77	24	169
50	80	23	163
51	78	22	175
52	79	21	186
53	78	23	172
54	81	23	178
55	77	23	166
56	77	22	180
57	74	24	136
58	74	24	140
59	74	24	138
60	77	22	171
61	77	20	163
62	82	19	174
63	85	20	178
64	82	19	178
65	79	19	167
66	77	21	130
67	74	20	165
68	73	20	173
69	72	20	173
70	69	19	183
71	70	19	172
72	71	20	180
73	74	23	145
74	76	23	154
75	81	21	176
76	84	20	158
77	91	17	161
78	86	18	152
79	84	19	161
80	88	21	156
81	93	22	155
82	101	22	174
83	101	22	183
84	103	23	190
85	104	23	197
86	104	23	194
87	102	22	186
88	96	22	161
89	97	22	177
90	103	22	193
91	100	21	179
92	98	19	178
93	97	19	175
94	96	18	169
95	97	21	180
96	103	22	178
97	107	23	182
98	109	24	193
99	107	23	192
100	108	24	197
101	108	23	190
102	110	23	190
103	109	23	189
104	106	21	187
105	107	19	202
106	108	19	190
107	111	18	201
108	113	17	206
109	111	18	190
110	104	20	175
111	104	21	163
112	106	23	173
113	115	28	155
114	118	34	170
115	118	32	166
116	117	33	159
117	118	37	159
118	118	43	182
119	121	60	177
120	121	69	186
121	120	75	189
122	117	82	188
123	118	84	179
124	119	85	189
125	120	86	190
126	117	83	178
127	111	85	187
128	105	87	184
129	102	87	171
130	98	86	169
131	94	88	176
132	83	89	158
133	76	89	168
134	68	85	182
135	68	85	179
136	69	83	178
137	69	81	184
138	67	75	166
139	67	73	168
140	68	72	168
141	67	72	175
142	67	71	173
143	67	72	162
144	67	72	164
145	68	69	144
146	68	66	88
146	66	56	42	f
147	67	64	60
147	66	55	56	f
148	66	52	88
148	66	63	35	f
149	67	48	148
150	69	43	161
151	70	39	172
152	70	33	177
153	68	33	168
154	67	31	173
155	66	29	188
156	63	25	178
157	55	18	175
158	54	17	182
159	53	16	171
160	54	17	158
161	52	19	145
162	49	19	160
163	48	18	118
164	44	19	77
165	31	17	120
166	27	15	141
167	27	15	151
168	29	15	145
169	30	16	138
170	26	19	123
171	26	18	81
172	17	29	107
173	17	30	115
174	18	34	62
174	18	24	50	f
175	19	35	82
175	17	25	37	f
176	19	37	100
177	18	40	161
178	18	50	165
179	19	57	174
180	21	74	164
181	22	80	173
182	24	82	173
183	30	87	150
184	32	87	161
185	36	89	159
186	37	88	149
187	37	88	144
188	37	88	142
189	37	88	142
190	38	87	156
191	37	87	151
192	38	87	159
193	38	87	153
194	37	88	141
195	38	89	150
196	40	89	158
197	44	90	168
198	46	91	156
199	51	88	176
200	57	86	175
201	60	83	189
202	65	77	192
203	66	72	184
204	66	74	173
205	66	73	160
206	66	73	160
207	66	73	160
208	66	73	159
209	66	73	163
210	66	69	124
211	67	68	127
212	66	68	121
213	66	68	122
214	66	68	131
215	67	67	150
216	69	68	159
217	68	69	145
218	68	69	137
219	69	69	135
220	69	69	137
221	69	68	141
222	67	70	140
223	68	73	147
224	70	75	156
225	72	78	167
226	80	86	177
227	83	89	173
228	84	88	155
229	84	88	165
230	84	88	153
231	85	89	165
232	85	89	174
233	85	89	175
234	85	88	158
235	84	88	148
236	83	87	144
237	84	87	169
238	84	87	156
239	84	88	156
240	83	88	149
241	82	88	147
242	83	89	153
243	85	88	148
244	86	89	166
245	85	89	156
246	83	88	156
247	81	89	156
248	76	90	173
249	74	89	163
250	69	88	148
251	65	88	152
252	57	89	169
253	51	88	162
254	50	90	176
255	50	90	176
256	51	89	161
257	51	90	164
258	50	90	189
259	50	90	165
260	51	89	157
261	55	90	147
262	52	88	172
263	48	87	167
264	48	87	164
265	48	87	168
266	48	87	157
267	49	88	148
268	50	88	156
269	53	85	163
270	59	83	165
271	61	82	159
272	64	76	151
273	68	68	141
274	68	69	142
275	68	68	142
276	68	69	137
277	69	67	119
278	68	67	118
279	68	67	122
280	68	67	122
281	69	67	121
282	68	67	152
283	68	67	146
284	68	67	140
285	68	67	139
286	68	67	152
287	69	67	131
288	69	68	129
289	68	67	117
290	68	67	117
291	68	67	119
292	68	67	116
293	69	67	136
294	69	67	137
295	68	67	136
296	69	67	154
297	68	67	126
298	68	68	127
299	68	68	124
300	68	68	124
301	68	68	124
302	68	67	119
303	68	68	122
304	68	67	122
305	68	67	139
306	68	68	140
307	68	68	140
308	66	70	151
309	64	73	155
310	63	76	151
311	64	80	154
312	65	83	144
313	66	84	154
314	69	85	162
315	72	85	157
316	83	85	163
317	84	85	159
318	84	85	164
319	83	85	164
320	84	85	166
321	84	85	166
322	84	85	168
323	84	86	156
324	84	86	154
325	84	85	167
326	84	85	167
327	81	87	149
328	80	86	143
329	81	86	142
330	81	85	153
331	78	87	160
332	75	84	157
333	72	82	159
334	69	82	162
335	65	82	155
336	54	84	174
337	53	84	166
338	51	85	155
339	49	88	176
340	49	88	178
341	49	87	165
342	49	87	166
343	49	90	157
344	54	92	160
345	59	92	161
346	62	91	155
347	63	91	143
348	63	91	143
349	64	91	155
350	73	91	173
351	76	92	171
352	78	92	156
353	77	92	143
354	74	92	135
355	74	91	138
356	74	92	157
357	75	91	144
358	75	91	150
359	80	88	170
360	83	88	156
361	84	87	168
362	82	89	148
363	79	86	163
364	75	82	170
365	74	82	158
366	71	80	167
367	71	78	159
368	72	80	142
369	72	80	146
370	72	83	162
371	73	83	157
372	71	83	159
373	67	86	159
374	68	86	163
375	69	86	147
376	68	85	144
377	60	85	157
378	60	87	127
379	60	85	134
380	61	84	144
381	61	82	136
382	62	80	162
383	64	72	149
384	65	72	145
385	65	72	146
386	65	70	160
387	65	70	146
388	65	67	113
388	66	57	31	f
389	68	54	87
389	67	63	49	f
390	68	44	163
391	67	33	164
392	66	29	168
393	68	21	182
394	72	19	200
395	72	18	196
396	71	20	176
397	71	21	175
398	71	22	171
399	72	21	175
400	73	19	187
401	73	19	182
402	73	20	171
403	72	23	160
404	69	21	173
405	65	21	170
406	62	19	174
407	59	18	149
408	57	17	146
409	55	16	173
410	50	14	173
411	40	13	166
412	32	13	181
413	26	13	187
414	27	15	187
415	21	20	149
416	20	21	111
417	19	22	99
418	18	25	136
419	16	38	155
420	15	47	160
421	16	56	165
422	20	74	163
423	20	76	158
424	22	81	161
425	23	86	153
426	23	86	155
427	23	85	166
428	26	88	152
429	25	88	148
430	24	87	136
431	25	86	143
432	32	86	154
433	35	87	138
434	35	87	137
435	40	86	140
436	48	86	157
437	53	86	141
438	54	84	161
439	57	83	174
440	64	78	165
441	67	72	171
442	68	72	154
443	67	72	157
444	68	71	164
445	69	71	175
446	68	71	163
447	67	72	156
448	67	72	155
449	68	71	152
450	68	71	156
451	68	71	155
452	68	71	156
453	68	71	154
454	68	71	156
455	68	71	154
456	68	71	155
457	68	71	149
458	68	71	157
459	68	71	157
460	68	70	158
461	68	70	164
462	68	70	159
463	68	70	165
464	68	70	164
465	68	71	154
466	68	70	158
467	68	71	160
468	68	70	161
469	68	70	154
470	68	74	151
471	68	75	150
472	69	76	149
473	69	78	153
474	69	79	181
475	69	80	182
476	70	79	178
477	70	80	177
478	71	80	179
479	71	81	185
480	71	81	163
481	71	81	192
482	72	81	177
483	71	81	172
484	70	81	183
485	70	81	179
486	70	81	179
487	71	84	170
488	70	84	164
489	66	86	167
490	64	89	167
491	55	91	160
492	51	91	161
493	50	89	142
494	51	87	142
495	52	88	147
496	54	87	160
497	56	87	142
498	57	85	151
499	61	82	153
500	63	82	174
501	65	81	154
502	67	80	166
503	67	80	165
504	67	80	165
505	66	80	157
506	68	81	159
507	68	81	167
508	70	82	169
509	74	83	162
510	76	84	149
511	76	84	156
512	78	85	166
513	78	85	170
514	78	86	161
515	79	86	164
516	83	87	178
517	83	88	172
518	83	88	164
519	83	88	163
520	83	87	167
521	82	87	161
522	83	87	162
523	84	87	168
524	84	87	161
525	83	87	156
526	83	88	163
527	83	88	163
528	83	88	165
529	89	88	150
530	88	88	154
531	87	88	151
532	86	89	156
533	85	91	153
534	84	90	157
535	82	90	139
536	79	91	150
537	72	92	154
538	66	93	157
539	66	93	164
540	61	93	162
541	57	92	164
542	52	93	172
543	52	92	170
544	52	92	170
545	49	91	165
546	47	89	149
547	48	88	147
548	50	86	145
549	52	84	149
550	54	84	160
551	54	83	162
552	62	81	157
553	62	81	146
554	63	78	154
555	67	75	144
556	67	73	151
557	68	73	145
558	68	74	141
559	68	74	150
560	68	75	153
561	68	76	156
562	70	79	176
563	69	79	178
564	69	79	184
565	68	79	166
566	68	78	162
567	68	79	165
568	68	79	164
569	67	78	151
570	67	77	139
571	67	76	147
572	68	72	146
573	68	71	146
574	68	71	145
575	68	71	150
576	68	70	142
577	68	69	139
578	68	67	121
579	67	60	132
580	67	52	123
581	68	43	143
582	68	36	150
583	67	33	151
584	66	29	134
585	61	24	158
586	59	21	142
587	59	21	159
588	59	20	156
589	58	18	180
590	60	21	135
591	61	20	163
592	64	18	154
593	69	15	157
594	77	13	168
595	81	14	170
596	84	13	178
597	83	14	171
598	87	16	185
599	95	19	176
600	104	21	182
601	105	21	164
602	105	18	179
603	104	18	170
604	104	19	152
605	104	19	159
606	107	19	182
607	114	18	174
608	108	19	174
609	106	21	173
610	110	23	174
611	112	26	169
612	117	34	165
613	119	46	175
614	116	61	169
615	115	71	162
616	116	72	167
617	120	76	169
618	121	80	165
619	121	85	181
620	121	84	155
621	117	84	174
622	111	85	187
623	103	87	143
624	103	87	140
625	103	87	138
626	101	88	134
627	100	88	139
628	98	88	142
629	98	88	141
630	98	88	146
631	98	88	144
632	98	87	141
633	98	89	156
634	99	88	144
635	99	88	143
636	100	87	130
637	100	88	137
638	100	88	133
639	101	88	131
640	101	87	119
641	100	88	132
642	100	88	134
643	101	87	127
644	100	88	139
645	99	88	134
646	99	87	147
647	99	87	148
648	99	87	141
649	100	87	140
650	99	87	133
651	99	87	141
652	99	87	142
653	99	87	137
654	99	87	140
655	99	87	140
656	99	87	139
657	98	88	144
658	99	87	143
659	99	87	141
660	99	87	142
661	99	87	136
662	99	87	136
663	99	87	147
664	99	87	149
665	98	87	152
666	99	87	145
667	99	87	153
668	99	87	159
669	100	87	134
670	100	88	140
671	100	88	134
672	101	87	128
673	101	88	135
674	101	87	122
675	100	87	123
676	99	87	136
677	99	88	135
678	99	87	132
679	101	87	124
680	100	88	125
681	99	87	144
682	98	87	148
683	98	87	149
684	98	87	151
685	98	87	150
686	99	87	145
687	98	87	140
688	99	87	143
689	99	87	140
690	98	87	145
691	98	87	146
692	98	87	143
693	98	87	142
694	98	87	142
695	98	87	139
696	98	87	152
697	99	87	146
698	99	87	134
699	99	88	134
700	99	88	129
701	100	88	134
702	101	88	147
703	101	88	137
704	101	89	131
705	101	89	133
706	101	89	130
707	102	88	145
708	103	89	163
709	106	90	155
710	110	89	149
711	114	88	182
712	116	87	161
713	117	86	171
714	117	85	178
715	120	80	160
716	120	79	151
717	120	80	142
718	119	79	150
719	119	77	145
720	120	76	165
721	121	71	170
722	122	64	165
723	123	53	180
724	123	46	188
725	121	44	187
726	120	43	157
727	121	43	167
728	122	43	174
729	121	43	161
730	120	44	163
731	121	47	141
732	119	51	151
733	117	59	169
734	116	66	164
735	113	78	166
736	109	84	165
737	104	88	144
738	99	89	128
739	99	89	144
740	98	89	138
741	95	88	143
742	91	89	149
743	80	90	152
744	74	89	155
745	60	87	147
746	61	87	140
747	62	87	137
748	61	86	141
749	61	86	141
750	61	86	144
751	61	86	145
752	61	86	148
753	61	86	149
754	61	86	149
755	61	86	148
756	61	87	136
757	58	88	153
758	52	90	160
759	51	89	154
760	49	89	145
761	48	87	146
762	50	86	153
763	51	85	151
764	51	85	152
765	51	85	156
766	52	85	156
767	52	85	159
768	52	85	146
769	52	85	143
770	52	85	143
771	52	85	142
772	52	85	141
773	52	85	142
774	52	85	151
775	52	85	146
776	52	86	142
777	52	85	145
778	52	85	155
779	50	86	160
780	50	87	147
781	51	87	144
782	53	86	157
783	55	84	162
784	55	84	156
785	55	84	163
786	55	84	157
787	55	84	144
788	55	85	142
789	55	84	145
790	55	84	155
791	55	84	156
792	55	84	156
793	55	84	156
794	55	84	156
795	55	84	155
796	55	84	164
797	56	84	149
798	55	84	145
799	56	84	158
800	56	85	146
801	61	82	167
802	66	77	162
803	69	72	159
804	70	69	133
805	70	67	115
806	70	65	92
806	66	57	33	f
807	69	54	78
807	70	63	56	f
808	68	48	158
809	68	33	169
810	70	28	171
811	73	26	173
812	72	27	162
813	73	24	179
814	73	21	167
815	70	22	161
816	60	17	170
817	60	17	171
818	60	17	165
819	60	17	162
820	60	18	158
821	59	18	134
822	54	17	109
823	43	18	56
824	43	18	NP
825	43	18	NP
826	43	18	NP
827	43	18	NP
828	17	25	73
829	16	25	93
830	16	24	84
831	16	24	95
832	16	26	117
833	16	29	132
834	16	38	146
835	17	46	164
836	17	54	150
837	15	62	165
838	16	74	157
839	20	81	167
840	28	88	129
841	30	89	94
842	34	90	135
843	35	90	124
844	40	89	140
845	42	89	136
846	42	88	148
847	50	88	148
848	53	86	153
849	61	82	165
850	66	76	176
851	68	72	184
852	68	72	185
853	68	71	172
854	68	72	164
855	68	72	176
856	67	72	168
857	66	72	149
858	67	72	155
859	67	72	171
860	68	71	173
861	68	71	170
862	67	71	166
863	67	71	167
864	67	71	166
865	68	71	172
866	67	71	162
867	67	71	173
868	67	71	171
869	67	72	171
870	67	76	159
871	67	78	161
872	72	79	177
873	73	81	181
874	76	81	198
875	83	83	174
876	82	83	160
877	82	82	165
878	83	82	158
879	83	83	161
880	83	83	165
881	81	85	157
882	84	88	162
883	84	88	161
884	84	88	162
885	84	88	157
886	84	88	160
887	84	88	161
888	84	88	162
889	83	89	168
890	82	91	166
891	78	92	158
892	68	92	164
893	52	92	167
894	51	92	165
895	47	88	155
896	47	87	146
897	47	87	146
898	47	87	143
899	49	87	151
900	49	86	153
901	51	85	153
902	53	84	155
903	57	83	155
904	61	82	145
905	63	81	152
906	63	81	151
907	62	82	145
908	65	81	146
909	66	81	137
910	66	81	138
911	66	81	136
912	66	81	136
913	66	81	138
914	66	81	138
915	65	81	136
916	66	81	139
917	66	81	137
918	66	81	137
919	66	81	138
920	66	81	142
921	65	81	138
922	66	81	143
923	66	81	142
924	66	81	143
925	65	81	151
926	65	81	145
927	66	81	147
928	65	81	144
929	65	81	145
930	66	81	150
931	66	81	146
932	65	81	150
933	65	81	147
934	65	81	146
935	66	81	149
936	65	81	147
937	65	81	147
938	65	81	147
939	65	81	144
940	66	81	144
941	66	81	148
942	66	81	145
943	65	81	137
944	65	81	146
945	65	81	146
946	66	81	147
947	66	81	147
948	66	81	147
949	66	81	146
950	66	81	147
951	66	81	146
952	66	81	148
953	66	81	151
954	66	81	150
955	66	81	151
956	66	81	147
957	65	81	137
958	65	81	151
959	65	81	143
960	65	81	143
961	66	81	142
962	66	81	142
963	65	81	143
964	65	81	143
965	66	81	146
966	66	81	146
967	66	81	149
968	66	81	146
969	66	81	149
970	66	81	152
971	66	81	149
972	66	81	149
973	66	81	152
974	65	81	147
975	66	81	146
976	66	81	146
977	66	81	144
978	66	81	142
979	66	81	143
980	66	81	142
981	66	81	145
982	66	81	145
983	66	81	146
984	66	81	145
985	66	81	146
986	66	81	152
987	66	81	152
988	66	81	151
989	66	81	149
990	66	81	149
991	66	81	149
992	66	81	145
993	66	81	144
994	66	81	143
995	66	81	144
996	66	81	144
997	65	81	143
998	66	81	151
999	65	81	147
1000	65	81	146
1001	65	81	147
1002	65	81	147
1003	65	81	143
1004	66	81	146
1005	66	81	151
1006	66	81	150
1007	66	81	145
1008	66	81	144
1009	66	81	143
1010	66	81	143
1011	66	81	143
1012	66	81	141
1013	66	81	146
1014	66	81	152
1015	66	81	152
1016	66	81	154
1017	66	81	152
1018	66	81	154
1019	66	81	147
1020	65	81	144
1021	65	81	143
1022	65	81	139
1023	65	82	135
1024	65	81	144
1025	67	80	167
1026	67	81	155
1027	66	81	150
1028	66	81	151
1029	67	81	162
1030	67	82	172
1031	67	81	173
1032	67	81	167
1033	68	81	167
1034	67	82	170
1035	67	82	177
1036	67	82	169
1037	67	82	171
1038	67	82	168
1039	67	82	168
1040	66	82	158
1041	66	80	153
1042	65	81	150
1043	65	81	142
1044	65	81	143
1045	65	81	146
1046	66	81	153
1047	66	81	152
1048	66	81	155
1049	66	81	157
1050	66	82	160
1051	67	82	157
1052	66	82	147
1053	65	82	142
1054	66	81	145
1055	65	82	143
1056	65	82	141
1057	66	81	144
1058	66	81	145
1059	66	81	145
1060	66	82	142
1061	66	81	144
1062	66	81	147
1063	66	81	147
1064	66	81	152
1065	66	82	151
1066	66	81	152
1067	66	82	149
1068	66	82	145
1069	66	81	149
1070	66	81	149
1071	66	81	150
1072	66	81	153
1073	66	81	150
1074	66	81	148
1075	66	81	143
1076	66	81	146
1077	66	81	146
1078	66	81	141
1079	66	81	148
1080	66	81	150
1081	66	81	150
1082	66	81	150
1083	66	81	151
1084	66	81	152
1085	66	81	151
1086	66	81	152
1087	66	81	154
1088	66	81	153
1089	66	81	154
1090	66	81	156
1091	66	81	156
1092	66	81	151
1093	66	81	150
1094	66	81	151
1095	66	81	149
1096	66	81	150
1097	66	81	150
1098	66	81	151
1099	66	81	151
1100	66	81	151
1101	66	81	151
1102	66	81	153
1103	66	81	152
1104	66	81	151
1105	66	81	152
1106	66	81	155
1107	66	81	154
1108	66	81	153
1109	66	81	152
1110	66	81	147
1111	66	81	145
1112	66	81	147
1113	66	81	144
1114	66	81	144
1115	66	81	144
1116	66	81	144
1117	66	81	145
1118	66	81	149
1119	66	81	152
1120	66	81	147
1121	66	81	151
1122	66	81	151
1123	66	81	152
1124	66	81	150
1125	66	81	152
1126	66	81	148
1127	66	81	153
1128	66	81	146
1129	66	81	144
1130	66	81	149
1131	66	81	146
1132	66	81	142
1133	66	81	147
1134	66	81	147
1135	67	82	152
1136	67	83	155
1137	68	84	166
1138	74	84	164
1139	80	86	169
1140	84	86	141
1141	85	86	142
1142	85	86	141
1143	85	86	141
1144	85	86	142
1145	86	87	146
1146	88	88	153
1147	89	88	141
1148	89	89	143
1149	89	88	141
1150	89	89	147
1151	89	88	155
1152	89	88	146
1153	89	88	132
1154	89	88	119
1155	88	87	163
1156	88	87	148
1157	87	88	157
1158	87	86	156
1159	87	86	156
1160	83	87	156
1161	80	89	158
1162	72	91	156
1163	62	92	152
1164	54	92	159
1165	45	88	147
1166	46	89	146
1167	46	88	149
1168	46	87	146
1169	46	86	155
1170	46	86	158
1171	46	86	158
1172	46	86	158
1173	46	86	159
1174	48	85	157
1175	49	83	160
1176	50	82	149
1177	50	83	160
1178	52	83	147
1179	55	83	148
1180	57	83	156
1181	60	83	147
1182	61	83	139
1183	61	83	144
1184	62	83	150
1185	62	83	163
1186	62	83	171
1187	63	81	171
1188	64	77	173
1189	66	75	178
1190	67	74	180
1191	69	68	123
1192	69	67	108
1193	70	66	102
1194	69	66	108
1195	69	66	101
1196	68	54	78
1196	70	63	48	f
1197	67	52	129
1198	66	39	127
1199	66	37	132
1200	69	35	158
1201	71	29	168
1202	75	25	159
1203	76	21	139
1204	78	20	148
1205	78	20	160
1206	77	21	134
1207	77	21	139
1208	77	21	137
1209	77	20	144
1210	77	19	155
1211	77	20	149
1212	76	20	154
1213	73	19	171
1214	73	19	179
1215	73	19	177
1216	76	20	136
1217	84	17	145
1218	92	17	163
1219	99	20	177
1220	105	22	183
1221	110	24	174
1222	113	25	173
1223	114	25	188
1224	111	25	167
1225	112	26	183
1226	112	26	162
1227	113	26	167
1228	112	25	148
1229	114	24	163
1230	113	24	155
1231	113	24	156
1232	113	26	152
1233	115	29	144
1234	117	36	142
1235	118	42	168
1236	120	63	156
1237	116	74	177
1238	114	79	168
1239	110	83	166
1240	105	84	152
1241	105	84	147
1242	105	84	151
1243	105	84	149
1244	105	85	148
1245	104	84	150
1246	104	85	148
1247	101	85	132
1248	98	86	141
1249	98	86	140
1250	99	85	135
1251	99	86	134
1252	98	85	147
1253	98	86	142
1254	98	85	145
1255	98	86	138
1256	98	86	138
1257	99	86	131
1258	101	86	98
1259	102	85	118
1260	103	84	128
1261	104	84	129
1262	105	85	135
1263	105	84	148
1264	104	87	124
1265	104	89	137
1266	101	89	139
1267	99	89	135
1268	96	89	144
1269	90	89	149
1270	79	90	164
1271	71	92	158
1272	60	91	158
1273	58	90	159
1274	56	87	144
1275	56	87	132
1276	56	86	136
1277	56	87	136
1278	57	86	152
1279	57	86	152
1280	57	86	157
1281	58	86	159
1282	57	86	160
1283	57	86	152
1284	59	84	140
1285	62	80	159
1286	64	76	139
1287	63	73	160
1288	64	70	141
1289	65	69	134
1290	65	69	120
1291	65	68	120
1292	65	69	122
1293	65	69	130
1294	66	68	127
1295	66	68	130
1296	66	68	129
1297	65	69	118
1298	66	68	127
1299	66	67	120
1300	66	67	110
1301	66	67	110
1302	66	67	113
1303	66	67	112
1304	66	67	111
1305	66	67	110
1306	66	67	112
1307	66	67	111
1308	65	67	104
1309	66	65	79
1309	66	57	31	f
1310	66	55	44
1310	65	63	44	f
1311	66	50	104
1312	66	46	104
1313	68	42	138
1314	69	39	144
1315	70	33	165
1316	70	26	153
1317	69	26	152
1318	64	24	166
1319	63	22	166
1320	63	23	162
1321	63	23	165
1322	63	23	160
1323	63	23	149
1324	62	21	167
1325	61	20	180
1326	61	19	179
1327	61	20	175
1328	63	22	162
1329	63	23	163
1330	63	24	166
1331	64	24	169
1332	64	23	165
1333	63	23	169
1334	63	23	171
1335	66	24	136
1336	63	22	171
1337	62	21	150
1338	64	18	162
1339	64	19	139
1340	64	21	112
1341	63	22	127
1342	64	21	142
1343	68	20	148
1344	71	19	156
1345	74	17	157
1346	79	18	142
1347	79	17	139
1348	79	17	140
1349	79	17	150
1350	79	18	152
1351	79	18	147
1352	79	18	145
1353	79	17	137
1354	78	17	134
1355	79	17	142
1356	79	17	137
1357	78	17	134
1358	77	17	122
1359	77	17	121
1360	79	16	154
1361	79	16	154
1362	80	16	154
1363	80	16	155
1364	79	16	136
1365	80	16	144
1366	80	17	147
1367	80	17	148
1368	80	17	149
1369	80	16	151
1370	80	17	154
1371	81	17	165
1372	84	19	179
1373	84	19	161
1374	83	18	147
1375	85	18	159
1376	85	18	157
1377	84	17	171
1378	87	17	169
1379	88	17	154
1380	90	16	156
1381	90	16	164
1382	94	16	180
1383	106	14	170
1384	109	13	176
1385	109	14	193
1386	110	13	197
1387	113	13	191
1388	112	13	181
1389	106	16	179
1390	107	18	179
1391	109	20	159
1392	112	24	163
1393	113	27	158
1394	114	28	152
1395	116	31	138
1396	118	39	148
1397	118	52	161
1398	115	63	169
1399	114	71	170
1400	114	83	157
1401	111	83	171
1402	105	88	171
1403	103	89	135
1404	100	89	128
1405	100	89	123
1406	100	89	114
1407	100	89	115
1408	101	89	123
1409	99	89	133
1410	98	89	147
1411	98	89	149
1412	98	89	143
1413	99	89	142
1414	99	89	140
1415	99	89	140
1416	99	89	140
1417	99	89	140
1418	99	89	143
1419	100	89	127
1420	100	89	135
1421	99	88	134
1422	100	89	121
1423	99	88	129
1424	99	88	128
1425	99	89	135
1426	98	89	126
1427	98	89	140
1428	97	89	136
1429	98	90	134
1430	97	90	133
1431	97	89	126
1432	97	89	127
1433	97	89	128
1434	97	89	133
1435	98	89	128
1436	97	89	133
1437	97	89	137
1438	97	89	137
1439	97	89	137
1440	97	89	138
1441	97	89	138
1442	97	89	139
1443	97	89	140
1444	97	89	137
1445	98	89	122
1446	97	89	137
1447	97	89	135
1448	97	89	135
1449	97	89	136
1450	97	89	135
1451	97	89	137
1452	96	89	143
1453	95	89	166
1454	91	89	159
1455	89	90	138
1456	89	90	136
1457	87	90	134
1458	86	90	142
1459	82	91	147
1460	75	91	159
1461	70	92	166
1462	65	88	165
1463	63	87	149
1464	63	85	142
1465	63	85	136
1466	64	83	147
1467	63	83	147
1468	63	83	144
1469	63	83	143
1470	63	83	143
1471	64	83	147
1472	64	81	174
1473	64	75	172
1474	65	74	165
1475	65	74	169
1476	65	74	162
1477	65	71	141
1478	66	70	137
1479	67	69	140
1480	67	69	123
1481	67	69	135
1482	67	69	132
1483	67	69	129
1484	67	69	131
1485	67	69	128
1486	67	69	127
1487	67	69	128
1488	67	69	120
1489	67	69	136
1490	67	69	136
1491	67	69	136
1492	67	69	139
1493	67	69	137
1494	67	69	137
1495	67	69	138
1496	67	69	140
1497	67	69	139
1498	67	69	137
1499	67	69	136
1500	67	69	123
1501	67	69	134
1502	67	69	131
1503	67	69	136
1504	67	69	129
1505	66	69	129
1506	67	69	134
1507	66	69	129
1508	67	69	131
1509	67	69	131
1510	67	69	133
1511	67	69	125
1512	67	69	140
1513	67	69	135
1514	67	68	126
1515	67	69	127
1516	67	69	125
1517	67	69	136
1518	67	69	127
1519	67	69	127
1520	67	69	137
1521	67	69	140
1522	67	69	138
1523	67	69	143
1524	67	69	140
1525	67	69	137
1526	67	69	136
1527	67	69	134
1528	67	69	132
1529	67	69	136
1530	67	69	139
1531	67	69	139
1532	67	69	138
1533	67	69	137
1534	67	69	133
1535	67	69	139
1536	66	70	140
1537	67	69	134
1538	67	69	136
1539	67	69	135
1540	67	70	140
1541	67	70	134
1542	67	71	122
1543	66	70	133
1544	67	70	133
1545	67	69	117
1546	67	70	129
1547	67	70	131
1548	66	70	127
1549	66	70	132
1550	67	70	133
1551	67	70	134
1552	67	70	131
1553	67	70	134
1554	67	70	131
1555	67	70	133
1556	67	70	138
1557	67	70	138
1558	67	70	137
1559	67	70	138
1560	67	70	141
1561	67	70	134
1562	67	69	129
1563	67	70	128
1564	67	70	135
1565	67	70	137
1566	67	70	137
1567	67	70	127
1568	67	70	127
1569	67	69	129
1570	67	69	128
1571	66	71	131
1572	67	69	123
1573	66	69	133
1574	67	70	124
1575	66	70	138
1576	67	70	136
1577	67	70	137
1578	67	69	131
1579	67	70	137
1580	67	70	137
1581	67	70	135
1582	67	69	129
1583	67	70	136
1584	67	70	125
1585	67	70	137
1586	67	70	143
1587	67	69	126
1588	67	70	139
1589	67	70	144
1590	67	70	145
1591	66	70	142
1592	67	70	144
1593	66	70	138
1594	66	70	138
1595	66	69	134
1596	66	69	130
1597	66	69	130
1598	66	69	129
1599	67	69	133
1600	67	69	134
1601	67	70	137
1602	66	70	140
1603	66	69	141
1604	67	69	142
1605	66	69	144
1606	67	70	132
1607	67	70	143
1608	67	69	131
1609	67	69	131
1610	67	70	132
1611	67	69	131
1612	66	70	141
1613	66	70	137
1614	66	70	140
1615	67	70	141
1616	66	70	135
1617	66	70	138
1618	67	70	134
1619	67	70	134
1620	67	70	134
1621	67	70	127
1622	67	70	132
1623	67	70	131
1624	66	70	137
1625	67	70	140
1626	67	70	140
1627	67	70	142
1628	67	70	147
1629	66	70	146
1630	66	70	146
1631	66	70	144
1632	67	70	143
1633	67	70	142
1634	67	69	116
1635	67	70	145
1636	67	70	124
1637	67	70	139
1638	67	70	137
1639	67	70	134
1640	67	70	126
1641	67	70	129
1642	67	70	131
1643	66	70	135
1644	67	70	132
1645	66	70	136
1646	67	70	137
1647	66	70	138
1648	66	70	140
1649	67	70	139
1650	66	70	143
1651	66	70	140
1652	67	70	139
1653	67	70	137
1654	66	70	141
1655	67	70	137
1656	67	70	144
1657	66	69	138
1658	67	70	137
1659	67	70	145
1660	67	70	144
1661	67	70	147
1662	67	70	145
1663	67	70	147
1664	66	70	137
1665	67	70	132
1666	67	70	144
1667	67	70	141
1668	67	70	143
1669	67	70	141
1670	66	70	138
1671	67	70	138
1672	66	70	137
1673	67	70	135
1674	67	70	136
1675	67	70	138
1676	67	70	135
1677	66	70	135
1678	66	70	140
1679	66	70	140
1680	66	70	140
1681	66	70	140
1682	66	70	132
1683	66	70	140
1684	66	70	141
1685	66	70	140
1686	66	70	140
1687	66	70	140
1688	66	70	140
1689	67	70	134
1690	67	70	136
1691	67	70	135
1692	67	70	137
1693	67	70	138
1694	67	70	139
1695	66	70	142
1696	67	70	139
1697	67	70	142
1698	67	70	141
1699	67	70	140
1700	67	69	153
1701	67	70	156
1702	67	70	148
1703	67	70	144
1704	66	70	137
1705	66	70	139
1706	66	69	148
1707	67	67	147
1708	67	68	147
1709	67	69	146
1710	67	69	148
1711	67	68	149
1712	67	68	148
1713	66	67	129
1714	66	67	134
1715	66	67	133
1716	66	67	131
1717	66	67	138
1718	66	67	138
1719	66	68	129
1720	66	67	141
1721	66	68	136
1722	66	67	142
1723	66	68	133
1724	66	68	133
1725	66	68	135
1726	66	68	134
1727	66	68	134
1728	66	68	128
1729	66	68	131
1730	66	68	127
1731	66	67	130
1732	66	67	124
1733	66	67	116
1734	66	67	108
1735	66	67	117
1736	66	67	119
1737	66	67	121
1738	66	67	127
1739	66	67	121
1740	66	67	120
1741	67	66	133
1742	67	67	142
1743	67	67	131
1744	67	67	134
1745	67	67	128
1746	67	67	141
1747	67	66	131
1748	66	67	124
1749	65	67	103
1750	66	66	118
1751	66	66	120
1752	66	66	111
1753	66	66	118
1754	66	67	117
1755	66	66	121
1756	66	67	118
1757	67	66	100
1758	66	66	113
1759	67	66	98
1760	66	66	111
1761	66	67	113
1762	66	66	113
1763	66	67	115
1764	66	67	116
1765	66	67	118
1766	66	67	117
1767	66	66	116
1768	66	66	116
1769	66	67	119
1770	66	66	117
1771	66	66	116
1772	66	66	116
1773	66	67	122
1774	66	65	105
1775	66	66	107
1776	66	66	110
1777	66	66	112
1778	66	66	110
1779	66	66	108
1780	66	66	109
1781	67	66	99
1782	66	66	115
1783	66	66	115
1784	66	66	116
1785	66	66	114
1786	66	66	113
1787	66	66	115
1788	66	66	113
1789	66	66	113
1790	66	66	110
1791	66	66	112
1792	66	66	110
1793	66	66	103
1794	66	66	105
1795	66	66	103
1796	66	66	103
1797	66	66	105
1798	66	66	107
1799	66	66	106
1800	66	66	111
1801	66	66	111
1802	66	66	113
1803	66	66	113
1804	66	66	112
1805	66	66	113
1806	66	66	113
1807	66	66	113
1808	66	66	113
1809	66	66	113
1810	66	66	103
1811	66	66	112
1812	66	66	116
1813	66	66	114
1814	66	66	129
1815	67	66	151
1816	67	66	138
1817	66	66	109
1818	66	66	103
1819	66	66	103
1820	66	66	86
1821	67	65	78
1822	67	64	55
1822	67	56	38	f
1823	66	50	117
1824	66	42	125
1825	69	29	162
1826	71	28	159
1827	73	25	156
1828	75	23	161
1829	75	23	158
1830	75	23	164
1831	75	23	165
1832	75	24	162
1833	75	24	159
1834	74	24	153
1835	74	24	148
1836	75	24	160
1837	74	24	147
1838	74	24	150
1839	76	23	165
1840	78	22	156
1841	79	21	167
1842	79	21	160
1843	79	21	165
1844	80	21	173
1845	80	21	155
1846	80	21	150
1847	81	21	155
1848	81	21	160
1849	80	21	146
1850	79	21	136
1851	78	22	120
1852	77	20	142
1853	76	19	151
1854	72	16	152
1855	69	16	158
1856	64	15	167
1857	60	15	149
1858	53	14	144
1859	49	16	129
1860	42	18	66
1861	21	20	34
1862	23	17	97
1863	23	20	94
1864	23	20	NP
1865	18	26	32
1866	18	26	NP
1867	18	28	87
1868	19	36	78
1868	18	25	33	f
1869	18	39	153
1870	20	58	166
1871	21	69	163
1872	22	77	157
1873	26	81	167
1874	31	85	96
1875	36	87	127
1876	37	88	145
1877	39	89	131
1878	40	90	139
1879	39	88	136
1880	43	88	141
1881	47	87	160
1882	52	86	144
1883	54	85	150
1884	55	84	167
1885	58	82	166
1886	63	79	178
1887	67	73	173
1888	67	73	171
1889	67	73	169
1890	68	74	158
1891	67	73	175
1892	68	70	153
1893	68	70	154
1894	68	70	150
1895	68	70	155
1896	68	70	147
1897	68	70	147
1898	67	71	139
1899	68	74	134
1900	69	76	143
1901	70	77	149
1902	69	77	148
1903	69	77	149
1904	69	77	155
1905	70	78	161
1906	69	77	158
1907	68	75	143
1908	66	74	151
1909	66	71	146
1910	66	69	141
1911	65	68	119
1912	66	67	119
1913	65	67	112
1914	66	67	115
1915	66	67	113
1916	66	67	107
1917	66	67	112
1918	66	67	115
1919	66	67	110
1920	66	66	107
1921	66	67	113
1922	67	67	111
1923	66	67	107
1924	67	64	66
1924	66	55	63	f
1925	67	51	120
1926	69	39	141
1927	71	33	161
1928	72	28	147
1929	72	29	141
1930	73	28	149
1931	73	25	155
1932	75	23	148
1933	74	23	135
1934	75	23	144
1935	75	22	136
1936	76	22	143
1937	76	22	140
1938	76	22	144
1939	76	22	143
1940	74	23	128
1941	76	23	136
1942	75	23	139
1943	75	23	134
1944	74	23	134
1945	74	23	126
1946	75	22	141
1947	75	23	138
1948	75	23	138
1949	75	23	139
1950	76	22	164
1951	78	22	173
1952	78	22	174
1953	78	22	174
1954	78	22	173
1955	77	22	160
1956	77	22	161
1957	77	22	161
1958	77	22	161
1959	77	22	161
1960	76	22	149
1961	75	23	145
1962	75	23	142
1963	74	23	133
1964	75	23	138
1965	75	23	134
1966	75	23	141
1967	76	23	141
1968	76	23	141
1969	74	23	129
1970	74	23	128
1971	74	23	125
1972	74	23	128
1973	75	23	131
1974	75	23	131
1975	74	23	127
1976	74	23	130
1977	74	24	121
1978	74	23	132
1979	74	23	130
1980	74	23	128
1981	74	23	128
1982	74	23	129
1983	74	24	120
1984	74	24	119
1985	74	24	122
1986	76	23	146
1987	76	23	145
1988	76	23	145
1989	76	23	145
1990	74	24	126
1991	74	23	131
1992	74	23	128
1993	74	23	129
1994	75	23	141
1995	75	23	143
1996	74	23	135
1997	75	23	142
1998	75	23	144
1999	74	23	140
2000	75	23	149
2001	75	23	148
2002	76	23	149
2003	75	23	148
2004	75	23	145
2005	75	23	145
2006	75	23	144
2007	75	23	136
2008	75	23	146
2009	75	23	147
2010	75	23	147
2011	75	23	144
2012	74	23	140
2013	75	23	145
2014	75	23	150
2015	76	23	154
2016	75	23	143
2017	75	23	143
2018	75	23	144
2019	75	23	143
2020	74	23	137
2021	74	23	137
2022	74	23	137
2023	74	23	137
2024	74	23	134
2025	75	23	142
2026	75	23	143
2027	74	23	133
2028	74	24	126
2029	74	24	129
2030	74	23	133
2031	74	23	133
2032	74	23	135
2033	74	24	126
2034	74	23	133
2035	74	24	125
2036	74	24	129
2037	74	24	128
2038	74	24	123
2039	74	23	137
2040	74	24	130
2041	75	23	139
2042	74	23	134
2043	74	23	135
2044	74	23	135
2045	75	23	140
2046	74	24	133
2047	74	24	132
2048	75	23	138
2049	74	24	134
2050	74	24	131
2051	75	23	138
2052	74	23	137
2053	74	24	129
2054	75	23	138
2055	74	24	131
2056	75	23	138
2057	75	23	137
2058	75	23	137
2059	75	23	142
2060	75	23	137
2061	75	23	140
2062	74	23	138
2063	74	24	127
2064	74	24	128
2065	74	24	130
2066	74	24	139
2067	74	24	132
2068	74	23	137
2069	74	23	142
2070	74	23	139
2071	74	23	139
2072	74	23	138
2073	74	23	142
2074	76	21	163
2075	81	18	150
2076	81	18	151
2077	84	19	167
2078	96	21	164
2079	100	22	185
2080	108	23	177
2081	113	25	162
2082	112	25	171
2083	110	25	165
2084	110	25	160
2085	112	26	162
2086	114	28	155
2087	118	39	154
2088	119	51	171
2089	114	73	181
2090	112	80	182
2091	107	86	147
2092	104	87	140
2093	103	87	141
2094	95	88	156
2095	90	89	149
2096	87	90	147
2097	77	91	154
2098	73	91	141
2099	74	91	148
2100	74	90	143
2101	75	91	152
2102	75	91	161
2103	75	91	155
2104	75	91	152
2105	75	91	152
2106	75	91	158
2107	74	91	163
2108	74	91	163
2109	74	91	151
2110	71	89	162
2111	64	86	154
2112	65	86	129
2113	65	85	129
2114	65	85	138
2115	65	82	151
2116	64	81	156
2117	64	77	169
2118	63	72	149
2119	64	67	123
2120	64	67	108
2121	64	67	112
2122	64	67	112
2123	64	67	118
2124	64	67	117
2125	64	67	113
2126	64	67	117
2127	64	67	117
2128	64	67	120
2129	64	67	117
2130	64	67	117
2131	64	67	116
2132	64	67	115
2133	64	67	116
2134	64	66	105
2134	66	57	36	f
2135	64	65	95
2135	66	56	38	f
2136	66	53	69
2136	65	63	41	f
2137	66	44	122
2138	67	41	129
2139	67	36	149
2140	67	34	154
2141	69	33	171
2142	69	30	171
2143	69	32	151
2144	70	30	170
2145	69	33	150
2146	69	33	143
2147	68	35	141
2148	69	36	129
2149	69	37	126
2150	67	37	131
2151	67	36	145
2152	68	36	162
2153	68	36	153
2154	68	37	141
2155	68	35	144
2156	68	35	131
2157	68	34	146
2158	67	34	140
2159	68	34	143
2160	68	34	147
2161	69	33	171
2162	69	32	165
2163	69	32	168
2164	69	33	160
2165	69	33	166
2166	69	33	154
2167	69	32	162
2168	69	32	160
2169	69	32	159
2170	69	32	155
2171	68	33	143
2172	68	34	130
2173	68	34	133
2174	68	33	146
2175	67	33	131
2176	68	33	143
2177	68	32	151
2178	68	32	154
2179	68	33	141
2180	68	32	158
2181	68	33	147
2182	68	33	146
2183	68	33	145
2184	68	33	149
2185	68	33	148
2186	68	33	148
2187	68	33	148
2188	68	33	147
2189	68	34	135
2190	67	36	137
2191	68	37	137
2192	67	37	128
2193	66	37	123
2194	65	33	131
2195	65	29	130
2196	63	25	129
2197	58	21	134
2198	55	20	133
2199	53	18	139
2200	53	18	143
2201	51	16	168
2202	51	17	152
2203	49	17	115
2204	44	17	81
2205	44	17	NP
2206	44	17	NP
2207	44	17	NP
2208	17	26	44
2209	19	24	40
2210	19	24	33
2211	18	34	47
2212	19	36	94
2213	19	39	132
2214	19	42	147
2215	19	41	158
2216	20	41	165
2217	20	42	163
2218	20	43	152
2219	21	49	157
2220	22	59	161
2221	22	63	158
2222	22	67	155
2223	23	74	174
2224	21	75	158
2225	25	82	162
2226	29	88	146
2227	33	89	116
2228	35	90	116
2229	35	90	122
2230	34	90	137
2231	34	89	133
2232	34	90	132
2233	35	89	122
2234	38	87	124
2235	41	85	145
2236	43	85	143
2237	47	85	150
2238	57	83	165
2239	65	80	155
2240	67	79	145
2241	67	79	150
2242	68	80	156
2243	69	80	163
2244	69	81	161
2245	69	81	164
2246	69	81	162
2247	70	80	173
2248	69	81	174
2249	69	81	154
2250	68	80	152
2251	68	78	165
2252	68	77	166
2253	67	77	154
2254	67	78	155
2255	67	78	144
2256	68	76	154
2257	67	69	131
2258	67	68	107
2259	67	67	122
2260	67	68	110
2261	67	67	107
2262	67	67	114
2263	67	67	113
2264	67	68	111
2265	67	68	116
2266	67	68	119
2267	67	67	119
2268	67	67	120
2269	67	68	139
2270	68	68	130
2271	68	68	127
2272	67	67	113
2273	67	66	105
2274	67	66	97
2275	67	66	97
2276	67	66	99
2277	67	66	108
2278	68	66	109
2279	68	66	109
2280	67	66	108
2281	67	66	108
2282	67	66	105
2283	67	66	103
2283	71	57	35	f
2284	67	66	100
2284	70	56	42	f
2285	68	66	105
2285	70	56	39	f
2286	68	66	115
2287	67	67	119
2288	68	67	111
2289	68	66	115
2290	68	67	115
2291	68	67	111
2292	68	66	103
2293	68	66	105
2294	68	66	107
2295	68	67	117
2296	68	66	99
2296	67	56	37	f
2297	68	52	137
2298	68	45	129
2299	67	46	133
2300	68	45	128
2301	69	41	151
2302	71	37	159
2303	71	34	147
2304	70	32	140
2305	70	31	143
2306	68	29	152
2307	63	23	154
2308	65	26	133
2309	66	26	105
2310	65	26	132
2311	64	25	138
2312	63	24	155
2313	63	25	158
2314	66	26	126
2315	66	29	141
2316	65	33	124
2317	65	46	126
2318	65	50	66
2318	60	51	45	f
2319	66	51	77
2319	61	50	40	f
2320	66	51	71
2320	60	51	38	f
2321	68	55	92
2321	60	54	31	f
2322	68	55	93
2322	60	54	35	f
2323	68	55	89
2323	60	54	35	f
2324	69	55	99
2324	60	54	35	f
2325	68	56	86
2326	69	56	86
2327	68	51	143
2328	69	51	144
2329	69	52	133
2330	69	51	147
2331	69	51	140
2332	70	52	131
2333	69	53	125
2334	69	53	124
2335	69	53	124
2336	69	53	117
2337	69	53	114
2338	69	54	105
2339	68	53	96
2340	68	53	98
2341	68	53	106
2342	68	53	106
2343	68	53	105
2344	69	53	107
2345	68	53	103
2345	60	46	37	f
2346	67	51	106
2347	67	51	104
2347	61	45	30	f
2348	65	45	117
2349	68	44	110
2350	69	44	124
2351	68	44	109
2352	69	44	116
2353	69	44	113
2354	68	45	114
2355	69	44	118
2356	69	44	116
2357	69	44	117
2358	69	44	116
2359	69	43	126
2360	68	43	126
2361	68	40	149
2362	68	37	141
2363	68	35	161
2364	68	34	147
2365	69	34	147
2366	69	34	148
2367	69	32	134
2368	69	32	136
2369	68	32	145
2370	69	32	148
2371	68	32	151
2372	69	31	163
2373	69	32	161
2374	70	29	172
2375	74	24	167
2376	79	19	147
2377	81	18	143
2378	82	18	163
2379	92	20	164
2380	103	23	185
2381	111	24	165
2382	111	24	156
2383	112	23	169
2384	111	23	154
2385	111	25	164
2386	112	28	155
2387	116	33	139
2388	117	41	157
2389	118	49	158
2390	117	53	160
2391	115	63	162
2392	113	78	155
2393	109	85	170
2394	105	88	166
2395	102	89	136
2396	98	90	120
2397	97	90	119
2398	97	90	120
2399	96	90	133
2400	93	89	149
2401	85	85	152
2402	75	82	155
2403	69	76	159
2404	68	73	159
2405	67	71	143
2406	68	72	147
2407	69	71	176
2408	69	71	167
2409	69	72	169
2410	68	72	165
2411	68	72	163
2412	68	72	157
2413	68	72	149
2414	68	72	158
2415	68	72	154
2416	68	72	154
2417	68	70	152
2418	68	70	147
2419	68	70	145
2420	68	70	154
2421	68	70	153
2422	68	70	153
2423	68	71	143
2424	68	70	151
2425	68	70	151
2426	68	70	153
2427	69	70	150
2428	68	70	150
2429	68	70	150
2430	68	70	150
2431	68	70	150
2432	68	70	151
2433	68	70	148
2434	68	70	148
2435	68	70	150
2436	68	70	143
2437	68	70	149
2438	68	70	147
2439	68	70	151
2440	68	70	150
2441	68	70	150
2442	68	69	142
2443	68	70	146
2444	68	70	147
2445	68	70	146
2446	68	70	144
2447	68	70	140
2448	68	68	126
2448	67	57	30	f
2449	68	68	122
2450	68	68	121
2451	68	68	121
2452	68	68	121
2453	68	68	122
2454	68	68	120
2455	68	68	122
2455	68	56	30	f
2456	68	68	119
2456	67	56	32	f
2457	68	68	118
2457	68	56	38	f
2458	68	67	118
2458	66	56	39	f
2459	68	67	119
2460	68	67	116
2460	67	56	30	f
2461	69	67	110
2461	67	56	33	f
2462	69	67	106
2462	68	56	40	f
2463	69	64	150
2464	69	64	151
2465	69	67	108
2465	68	56	37	f
2466	69	67	108
2467	69	67	113
2467	69	56	31	f
2468	69	67	113
2468	69	56	34	f
2469	69	67	116
2469	68	57	31	f
2470	69	67	114
2470	68	56	36	f
2471	69	67	113
2471	68	57	32	f
2472	69	67	113
2472	68	56	37	f
2473	69	67	117
2473	68	56	36	f
2474	69	67	137
2475	69	67	140
2476	70	67	132
2477	70	68	126
2478	70	68	126
2479	70	68	126
2480	70	68	127
2481	69	67	147
2482	70	68	130
2483	70	68	132
2484	70	68	133
2485	70	68	130
2486	70	68	130
2487	70	67	125
2488	70	67	126
2489	70	67	130
2490	70	67	116
2491	70	68	123
2492	70	67	113
2493	70	67	116
2494	69	67	140
2495	69	68	151
2496	70	68	140
2497	70	68	130
2498	70	67	120
2499	70	67	109
2500	70	66	99
2501	70	66	96
2502	70	66	99
2503	70	66	101
2504	70	66	102
2505	70	66	98
2506	70	66	102
2507	70	66	102
2508	70	66	102
2509	70	66	102
2510	70	67	103
2511	70	67	111
2512	70	66	104
2513	70	67	107
2514	70	66	118
2515	70	66	129
2516	70	66	116
2517	70	67	112
2518	70	66	105
2519	69	66	118
2520	70	67	149
2521	71	69	163
2522	73	70	159
2523	73	75	161
2524	73	76	166
2525	71	81	160
2526	69	85	160
2527	58	87	161
2528	51	85	169
2529	50	86	131
2530	50	85	129
2531	50	85	130
2532	48	88	167
2533	48	89	177
2534	48	88	144
2535	48	88	146
2536	49	88	145
2537	50	88	155
2538	51	87	157
2539	51	86	156
2540	51	86	152
2541	51	86	147
2542	51	86	161
2543	51	86	153
2544	50	86	148
2545	51	86	151
2546	50	86	149
2547	50	85	146
2548	51	85	150
2549	50	85	139
2550	49	86	144
2551	49	86	150
2552	51	86	164
2553	52	89	163
2554	52	88	169
2555	53	88	166
2556	53	88	164
2557	53	88	161
2558	54	88	139
2559	56	87	137
2560	62	82	146
2561	66	76	146
2562	68	72	153
2563	68	68	127
2564	69	68	119
2565	69	67	118
2566	68	67	109
2567	69	67	115
2568	69	67	115
2569	69	67	111
2570	69	66	108
2571	69	66	107
2572	69	67	111
2573	69	67	109
2574	69	66	109
2575	69	66	113
2576	69	66	96
2577	69	65	92
2578	69	65	88
2579	69	65	94
2580	69	65	87
2580	71	56	31	f
2581	69	65	81
2581	71	56	30	f
2582	69	65	86
2582	71	56	30	f
2583	68	65	85
2583	70	56	31	f
2584	70	64	69
2584	70	56	43	f
2585	69	64	76
2585	70	56	37	f
2586	70	64	74
2586	70	56	35	f
2587	70	64	71
2587	70	56	35	f
2588	70	64	71
2588	70	56	38	f
2589	70	64	71
2589	70	56	36	f
2590	70	64	72
2590	70	57	33	f
2591	70	64	69
2591	70	56	36	f
2592	70	64	72
2593	70	64	74
2593	70	56	33	f
2594	70	64	73
2595	70	64	75
2596	70	64	72
2597	70	65	76
2598	70	65	75
2599	70	65	77
2600	70	65	78
2601	70	65	79
2602	70	65	80
2603	70	65	77
2604	70	65	77
2605	70	65	80
2606	70	65	78
2607	70	65	81
2608	70	65	77
2609	70	65	78
2610	70	65	78
2611	70	65	78
2612	70	65	78
2613	70	65	77
2614	70	64	73
2615	70	65	78
2616	70	65	79
2617	70	65	76
2618	70	64	73
2619	70	65	77
2620	70	64	73
2621	70	65	78
2622	70	65	72
2623	70	65	64
2623	68	56	48	f
2624	71	64	72
2624	67	57	44	f
2625	70	64	71
2625	67	57	44	f
2626	70	64	69
2626	67	56	43	f
2627	69	60	126
2628	69	60	131
2629	69	54	91
2629	70	63	39	f
2630	68	54	101
2631	70	53	111
2632	69	53	119
2633	69	53	112
2634	69	53	107
2635	69	53	114
2636	69	53	112
2637	69	53	112
2638	69	53	111
2639	69	55	92
2640	69	54	97
2641	69	53	106
2642	69	53	107
2643	69	53	108
2644	69	54	89
2645	69	54	92
2646	68	55	83
2647	68	55	86
2648	68	54	95
2649	68	55	85
2650	69	55	84
2651	68	55	80
2652	69	55	80
2653	68	55	87
2654	69	55	80
2655	69	55	71
2656	70	55	79
2657	69	55	82
2658	68	55	72
2659	69	55	84
2660	69	55	82
2661	69	55	81
2662	69	55	82
2663	69	55	82
2664	69	55	85
2665	69	55	84
2666	69	55	81
2667	69	55	81
2668	69	55	85
2669	69	55	85
2670	69	55	85
2671	69	55	85
2672	69	55	85
2673	69	55	84
2674	69	55	84
2675	69	55	83
2676	69	55	80
2677	69	55	81
2678	69	55	81
2679	69	55	80
2680	69	55	80
2681	69	55	81
2682	69	55	81
2683	69	55	81
2684	69	55	81
2685	69	55	84
2686	69	55	85
2687	69	55	83
2688	69	55	85
2689	69	55	85
2690	69	55	85
2691	69	55	86
2692	68	54	82
2693	69	55	76
2694	68	55	85
2695	69	55	78
2696	69	55	80
2697	68	55	83
2698	69	56	72
2699	69	55	83
2700	69	56	77
2701	68	56	76
2702	68	55	95
2703	68	54	106
2704	68	53	118
2705	68	53	119
2706	69	52	128
2707	69	52	132
2708	69	52	130
2709	69	52	134
2710	68	51	136
2711	68	50	146
2712	67	44	150
2713	65	37	124
2714	65	31	122
2715	64	30	130
2716	62	28	159
2717	60	23	153
2718	58	23	137
2719	58	23	137
2720	58	22	129
2721	58	22	136
2722	58	21	120
2723	53	18	137
2724	49	17	117
2725	43	16	75
2726	39	16	43
2727	36	16	47
2728	36	16	NP
2729	36	16	NP
2730	36	16	NP
2731	36	16	NP
2732	19	34	43
2733	20	37	102
2734	19	44	161
2735	18	55	159
2736	20	66	168
2737	22	73	159
2738	22	77	161
2739	24	84	163
2740	28	89	134
2741	32	91	146
2742	35	91	141
2743	36	92	137
2744	36	91	135
2745	35	92	135
2746	36	92	128
2747	36	92	135
2748	36	92	144
2749	36	92	139
2750	36	91	135
2751	36	92	137
2752	35	91	127
2753	40	88	143
2754	45	86	156
2755	47	85	185
2756	52	84	172
2757	53	84	159
2758	53	84	162
2759	53	84	159
2760	53	84	161
2761	53	84	152
2762	52	84	136
2763	50	84	123
2764	50	83	105
2765	48	83	116
2766	48	84	116
2767	47	85	128
2768	49	82	104
2769	49	82	93
2770	50	83	105
2771	51	82	111
2772	50	85	137
2773	49	88	139
2774	47	89	147
2775	46	89	140
2776	39	89	146
2777	33	91	152
2778	25	92	166
2779	20	93	176
2780	18	93	164
2781	18	92	148
2782	19	93	159
2783	18	93	171
2784	18	93	148
2785	18	91	156
2786	18	89	157
2787	17	86	165
2788	15	73	154
2789	14	66	154
2790	15	61	149
2791	17	51	165
2792	17	45	166
2793	17	45	179
2794	17	45	179
2795	16	42	176
2796	16	42	164
2797	15	43	166
2798	17	44	154
2799	17	44	157
2800	16	45	150
2801	17	45	140
2802	18	44	146
2803	16	43	169
2804	16	43	166
2805	17	43	153
2806	17	43	152
2807	17	44	144
2808	18	44	160
2809	17	47	151
2810	19	48	150
2811	19	49	155
2812	22	60	149
2813	22	69	160
2814	21	77	151
2815	22	82	155
2816	21	87	162
2817	18	89	173
2818	17	89	164
2819	18	87	155
2820	21	86	132
2821	24	88	130
2822	27	89	129
2823	28	90	126
2824	35	89	126
2825	36	89	115
2826	39	88	136
2827	41	88	148
2828	42	88	130
2829	42	88	138
2830	42	88	132
2831	44	87	138
2832	50	84	131
2833	50	84	136
2834	51	82	114
2835	51	82	94
2836	51	82	88
2837	48	84	120
2838	47	85	151
2839	50	84	160
2840	53	85	144
2841	54	84	149
2842	53	84	138
2843	54	84	139
2844	54	84	145
2845	54	84	134
2846	54	84	157
2847	57	83	164
2848	57	83	166
2849	62	79	156
2850	65	73	162
2851	68	70	142
2852	68	70	137
2853	68	70	142
2854	68	68	128
2855	68	68	128
2856	68	68	129
2857	68	69	119
2858	68	68	127
2859	68	68	126
2860	68	69	127
2861	68	68	135
2862	68	68	130
2863	68	68	133
2864	68	68	139
2865	68	68	136
2866	68	68	137
2867	68	68	134
2868	68	68	132
2869	68	68	130
2870	68	68	129
2871	68	68	133
2872	68	68	133
2873	68	68	136
2874	68	68	131
2875	68	69	128
2876	68	68	132
2877	68	68	121
2878	68	65	76
2878	68	56	40	f
2879	68	65	83
2879	68	56	32	f
2880	68	65	77
2880	68	56	43	f
2881	68	65	81
2881	68	55	36	f
2882	68	65	79
2882	69	56	45	f
2883	68	65	81
2883	68	56	41	f
2884	68	65	80
2884	68	56	42	f
2885	68	61	132
2886	68	65	81
2886	68	56	48	f
2887	68	65	81
2887	68	55	41	f
2888	68	61	124
2889	68	65	83
2889	68	56	40	f
2890	68	65	82
2890	68	56	39	f
2891	68	65	81
2891	68	56	39	f
2892	68	65	81
2892	68	56	37	f
2893	68	65	84
2893	68	57	33	f
2894	68	62	130
2895	68	62	127
2896	68	62	123
2897	68	65	82
2897	68	56	43	f
2898	68	62	130
2899	68	65	78
2899	68	56	41	f
2900	68	65	74
2900	68	55	51	f
2901	68	61	133
2902	68	61	130
2903	68	61	130
2904	68	61	123
2905	68	61	125
2906	68	61	125
2907	68	65	77
2907	68	56	46	f
2908	68	62	119
2909	68	65	79
2909	69	56	51	f
2910	68	61	125
2911	68	65	77
2911	68	55	53	f
2912	68	65	76
2912	68	56	55	f
2913	68	65	75
2913	68	55	57	f
2914	68	61	136
2915	68	65	78
2915	68	55	60	f
2916	68	60	136
2917	68	65	75
2917	68	55	64	f
2918	68	60	140
2919	68	61	129
2920	68	65	73
2920	68	55	59	f
2921	68	55	71
2921	68	64	67	f
2922	68	55	70
2922	68	63	44	f
2923	68	54	89
2924	67	51	130
2925	66	45	123
2926	68	37	157
2927	69	33	159
2928	69	32	155
2929	69	32	154
2930	69	30	157
2931	70	26	182
2932	73	19	175
2933	74	19	154
2934	74	19	151
2935	74	19	154
2936	73	20	152
2937	74	20	159
2938	74	18	181
2939	74	18	176
2940	74	19	162
2941	74	19	162
2942	74	19	150
2943	73	20	142
2944	74	19	158
2945	75	18	164
2946	74	18	150
2947	74	18	150
2948	74	19	150
2949	75	18	165
2950	75	18	164
2951	75	19	157
2952	74	19	164
2953	74	20	156
2954	71	20	165
2955	69	18	145
2956	66	19	157
2957	61	19	149
2958	60	19	144
2959	56	18	93
2960	52	20	122
2961	53	19	96
2962	55	19	81
2963	55	19	68
2963	44	20	43	f
2964	42	16	59
2964	53	18	52	f
2965	39	15	124
2966	36	15	141
2967	34	14	158
2968	29	13	158
2969	30	13	149
2970	31	14	158
2971	29	15	154
2972	24	18	151
2973	22	21	112
2974	22	20	104
2975	24	19	77
2976	23	20	51
2977	17	34	64
2978	19	37	119
2979	18	38	131
2980	18	43	157
2981	17	59	163
2982	17	69	156
2983	17	77	150
2984	16	83	146
2985	16	83	147
2986	16	83	146
2987	16	83	151
2988	16	84	151
2989	16	82	133
2990	15	81	146
2991	15	80	142
2992	16	81	141
2993	16	82	145
2994	18	83	158
2995	21	85	152
2996	29	89	138
2997	37	92	157
2998	39	91	153
2999	37	91	137
3000	36	91	135
3001	36	90	134
3002	35	91	126
3003	35	90	106
3004	36	90	119
3005	37	90	131
3006	37	89	117
3007	44	89	134
3008	51	88	149
3009	58	86	142
3010	61	86	159
3011	67	89	171
3012	70	90	173
3013	80	90	170
3014	82	91	176
3015	83	91	148
3016	85	89	166
3017	87	88	156
3018	86	88	146
3019	87	87	145
3020	86	88	150
3021	87	88	147
3022	86	88	152
3023	84	86	147
3024	81	86	160
3025	73	87	152
3026	67	91	170
3027	64	92	164
3028	64	92	159
3029	65	92	148
3030	65	92	141
3031	65	92	139
3032	64	91	133
3033	63	92	138
3034	58	92	149
3035	54	92	154
3036	53	92	136
3037	53	91	132
3038	53	92	142
3039	54	92	149
3040	55	92	148
3041	56	91	152
3042	55	88	143
3043	56	85	148
3044	58	83	156
3045	63	78	150
3046	66	74	137
3047	66	73	142
3048	66	74	145
3049	66	74	142
3050	67	73	156
3051	67	72	138
3052	67	73	149
3053	67	72	139
3054	67	72	149
3055	66	70	138
3056	67	68	125
3057	67	68	121
3058	67	68	119
3059	68	68	119
3060	68	68	126
3061	68	68	128
3062	68	68	129
3063	68	68	128
3064	67	68	122
3065	68	68	125
3066	68	68	125
3067	67	68	122
3068	67	68	120
3069	67	68	121
3070	67	68	117
3071	67	68	115
3072	67	68	119
3073	67	68	121
3074	67	68	119
3075	67	68	126
3076	67	68	124
3077	67	68	125
3078	67	68	126
3079	67	68	125
3080	67	68	125
3081	67	68	125
3082	67	68	114
3083	67	68	124
3084	67	68	120
3085	67	68	121
3086	67	68	124
3087	67	68	123
3088	67	68	125
3089	67	68	124
3090	68	68	129
3091	67	68	129
3092	68	68	124
3093	67	68	124
3094	67	68	124
3095	67	68	123
3096	67	68	126
3097	67	68	125
3098	67	68	125
3099	67	68	126
3100	67	68	128
3101	67	68	127
3102	67	68	124
3103	67	68	124
3104	67	68	121
3105	67	68	121
3106	67	68	124
3107	67	68	123
3108	67	68	121
3109	67	68	125
3110	67	68	128
3111	67	68	128
3112	67	68	128
3113	67	68	129
3114	67	68	127
3115	67	68	124
3116	67	68	123
3117	67	68	122
3118	67	68	116
3119	67	68	125
3120	67	68	119
3121	67	68	118
3122	67	68	124
3123	67	68	124
3124	67	68	125
3125	67	68	125
3126	67	68	123
3127	67	68	123
3128	67	68	122
3129	67	68	122
3130	67	68	119
3131	67	68	118
3132	67	68	121
3133	67	68	125
3134	67	68	124
3135	67	68	125
3136	67	68	125
3137	67	68	126
3138	67	68	126
3139	67	68	125
3140	67	68	124
3141	67	68	119
3142	67	68	116
3143	67	68	119
3144	67	68	119
3145	67	68	121
3146	67	68	125
3147	67	68	123
3148	67	68	122
3149	67	68	126
3150	67	68	125
3151	67	68	124
3152	67	68	125
3153	67	68	126
3154	67	68	125
3155	67	68	120
3156	67	68	120
3157	67	68	119
3158	67	68	119
3159	67	68	120
3160	68	68	128
3161	67	68	124
3162	67	68	128
3163	68	68	128
3164	67	68	125
3165	67	68	124
3166	67	68	121
3167	67	68	122
3168	67	68	125
3169	67	68	125
3170	67	68	121
3171	67	68	125
3172	67	68	119
3173	67	68	119
3174	67	68	120
3175	67	68	121
3176	67	68	120
3177	67	68	122
3178	67	68	122
3179	67	68	125
3180	67	68	125
3181	67	68	125
3182	67	68	125
3183	67	68	125
3184	67	68	125
3185	67	68	125
3186	67	68	125
3187	67	68	125
3188	67	68	125
3189	67	68	122
3190	67	68	122
3191	67	68	121
3192	67	68	121
3193	67	68	121
3194	67	68	120
3195	67	68	120
3196	67	68	121
3197	67	68	121
3198	67	68	125
3199	67	68	125
3200	67	68	122
3201	67	68	125
3202	67	68	128
3203	67	68	128
3204	67	68	128
3205	67	68	128
3206	67	68	128
3207	67	68	125
3208	67	68	125
3209	67	68	121
3210	68	68	123
3211	67	68	120
3212	68	68	119
3213	68	68	120
3214	68	68	121
3215	68	68	122
3216	68	68	122
3217	68	68	122
3218	68	68	123
3219	68	68	124
3220	68	68	126
3221	68	68	122
3222	68	68	121
3223	67	68	125
3224	68	68	123
3225	67	68	123
3226	67	68	124
3227	67	68	124
3228	67	68	123
3229	67	68	125
3230	67	68	126
3231	67	68	126
3232	67	68	126
3233	67	68	123
3234	67	68	117
3235	67	68	121
3236	67	68	120
3237	67	68	120
3238	67	68	121
3239	67	68	124
3240	67	68	121
3241	67	68	121
3242	67	68	123
3243	67	68	120
3244	67	68	120
3245	67	68	122
3246	67	68	126
3247	67	68	126
3248	67	68	126
3249	67	68	128
3250	67	68	124
3251	67	68	121
3252	67	68	124
3253	67	68	126
3254	67	68	127
3255	67	68	126
3256	67	68	126
3257	67	68	126
3258	67	68	126
3259	67	68	126
3260	67	68	126
3261	67	68	125
3262	67	68	125
3263	67	68	125
3264	67	68	124
3265	67	68	122
3266	67	68	125
3267	67	68	122
3268	67	68	119
3269	67	68	119
3270	67	68	116
3271	67	68	116
3272	67	68	119
3273	67	68	119
3274	67	68	119
3275	67	68	119
3276	67	68	122
3277	67	68	125
3278	67	68	127
3279	67	68	125
3280	67	68	125
3281	68	68	126
3282	67	68	123
3283	67	68	127
3284	67	68	126
3285	67	68	126
3286	67	68	125
3287	67	68	126
3288	68	68	126
3289	67	68	125
3290	67	68	127
3291	68	68	126
3292	67	68	125
3293	68	68	126
3294	67	68	125
3295	67	68	125
3296	67	68	122
3297	68	68	123
3298	67	68	119
3299	67	68	122
3300	67	68	122
3301	67	68	122
3302	67	68	122
3303	67	68	122
3304	67	68	119
3305	67	68	119
3306	67	68	122
3307	67	68	122
3308	67	68	122
3309	67	68	122
3310	67	68	122
3311	67	68	122
3312	68	68	124
3313	68	68	123
3314	68	68	123
3315	67	68	125
3316	68	68	124
3317	68	68	124
3318	68	68	124
3319	68	68	129
3320	68	68	127
3321	68	68	127
3322	68	68	125
3323	68	68	128
3324	68	68	124
3325	68	68	123
3326	68	68	123
3327	67	68	122
3328	67	68	122
3329	67	68	122
3330	67	68	122
3331	67	68	119
3332	67	68	122
3333	67	68	122
3334	67	68	122
3335	67	68	122
3336	68	68	123
3337	68	68	123
3338	68	68	125
3339	68	68	127
3340	68	68	124
3341	68	68	126
3342	68	68	125
3343	67	68	123
3344	67	68	125
3345	68	68	126
3346	67	68	127
3347	67	68	125
3348	67	68	124
3349	68	68	126
3350	68	68	129
3351	68	68	128
3352	68	68	128
3353	68	68	125
3354	68	68	127
3355	68	68	122
3356	67	68	123
3357	67	68	120
3358	67	68	124
3359	67	68	124
3360	67	68	123
3361	67	68	123
3362	67	68	124
3363	67	68	125
3364	67	68	125
3365	67	68	128
3366	67	68	125
3367	67	68	125
3368	67	68	125
3369	67	68	128
3370	67	68	128
3371	67	68	124
3372	67	68	124
3373	67	68	125
3374	67	68	121
3375	67	68	125
3376	67	68	121
3377	67	68	124
3378	67	68	120
3379	67	68	121
3380	67	68	120
3381	67	68	121
3382	67	68	121
3383	67	68	121
3384	67	68	120
3385	67	68	124
3386	67	68	123
3387	68	68	125
3388	67	68	125
3389	67	68	125
3390	67	68	124
3391	67	68	126
3392	67	68	125
3393	67	68	125
3394	67	68	124
3395	67	68	120
3396	67	68	120
3397	67	68	120
3398	67	68	120
3399	67	68	120
3400	67	68	120
3401	67	68	120
3402	67	68	120
3403	67	68	124
3404	67	68	125
3405	67	68	125
3406	67	68	125
3407	67	68	125
3408	67	68	128
3409	67	68	126
3410	67	68	129
3411	67	68	129
3412	67	68	129
3413	67	68	129
3414	67	68	128
3415	67	68	124
3416	67	68	121
3417	67	68	121
3418	67	68	121
3419	67	68	121
3420	67	68	121
3421	67	68	121
3422	67	68	122
3423	67	68	122
3424	67	68	126
3425	67	68	122
3426	67	68	125
3427	67	68	125
3428	67	68	126
3429	67	68	127
3430	67	68	126
3431	67	68	126
3432	67	68	127
3433	67	68	126
3434	67	68	124
3435	67	68	122
3436	67	68	122
3437	67	68	121
3438	67	68	121
3439	67	68	123
3440	67	68	122
3441	67	68	123
3442	67	68	123
3443	67	68	123
3444	67	68	123
3445	67	68	124
3446	67	68	123
3447	67	68	124
3448	67	68	124
3449	67	68	124
3450	67	68	124
3451	67	68	124
3452	67	68	123
3453	67	68	123
3454	67	68	121
3455	67	68	121
3456	67	68	121
3457	67	68	121
3458	67	68	121
3459	67	68	121
3460	67	68	124
3461	67	68	123
3462	67	68	122
3463	67	68	123
3464	67	68	123
3465	67	68	122
3466	67	68	123
3467	67	68	123
3468	67	68	123
3469	67	68	123
3470	67	68	124
3471	67	68	123
3472	67	68	124
3473	67	68	121
3474	67	68	122
3475	67	68	121
3476	67	68	121
3477	67	68	121
3478	67	68	121
3479	67	68	121
3480	67	68	123
3481	67	68	122
3482	67	68	123
3483	67	68	123
3484	67	68	124
3485	67	68	124
3486	67	68	124
3487	67	68	124
3488	67	68	124
3489	67	68	127
3490	67	68	126
3491	67	68	126
3492	67	68	123
3493	67	68	123
3494	67	68	122
3495	67	68	122
3496	67	68	121
3497	67	68	121
3498	67	68	121
3499	67	68	120
3500	67	68	122
3501	67	68	121
3502	67	68	122
3503	67	68	123
3504	67	68	126
3505	67	68	126
3506	67	68	123
3507	67	68	123
3508	67	68	126
3509	67	68	126
3510	67	68	126
3511	67	68	126
3512	67	68	126
3513	67	68	126
3514	67	68	126
3515	67	68	126
3516	67	68	123
3517	67	68	126
3518	67	68	121
3519	67	68	121
3520	67	68	121
3521	67	68	122
3522	67	68	121
3523	67	68	122
3524	67	68	121
3525	67	68	121
3526	67	68	123
3527	67	68	121
3528	67	68	126
3529	67	68	126
3530	67	68	126
3531	67	68	123
3532	67	68	126
3533	67	68	126
3534	68	68	128
3535	68	68	129
3536	68	68	130
3537	67	68	129
3538	67	68	131
3539	68	67	132
3540	68	67	133
3541	67	67	116
3542	67	67	113
3543	67	67	116
3544	67	67	108
3545	67	66	98
3546	66	62	115
3547	67	59	122
3548	69	56	66
3548	66	64	46	f
3549	70	57	62
3549	66	63	43	f
3550	70	56	76
3550	66	63	43	f
3551	71	54	111
3552	71	52	127
3553	74	41	156
3554	73	36	167
3555	73	32	152
3556	72	29	163
3557	72	23	170
3558	77	18	149
3559	78	18	140
3560	78	18	137
3561	81	18	166
3562	89	16	165
3563	95	20	172
3564	105	22	179
3565	110	23	163
3566	112	24	174
3567	113	25	167
3568	112	25	168
3569	112	25	165
3570	113	25	165
3571	116	28	141
3572	117	32	149
3573	119	48	170
3574	119	58	152
3575	119	65	162
3576	118	73	171
3577	118	85	166
3578	121	88	153
3579	121	88	155
3580	121	88	153
3581	120	88	133
3582	121	88	141
3583	121	88	147
3584	119	85	145
3585	118	87	142
3586	119	86	141
3587	119	84	135
3588	116	85	161
3589	104	88	158
3590	100	88	134
3591	96	87	145
3592	94	86	141
3593	92	86	135
3594	92	86	133
3595	92	87	141
3596	91	86	150
3597	91	86	150
3598	91	87	150
3599	85	89	165
3600	80	91	151
3601	70	91	159
3602	65	90	152
3603	61	90	157
3604	54	89	164
3605	51	88	144
3606	51	88	141
3607	51	88	144
3608	50	89	152
3609	49	90	160
3610	49	90	162
3611	50	88	138
3612	50	88	126
3613	50	88	129
3614	53	87	158
3615	52	87	142
3616	51	87	141
3617	51	87	141
3618	50	86	164
3619	48	85	149
3620	50	86	143
3621	52	83	141
3622	54	83	143
3623	56	83	136
3624	57	83	152
3625	62	82	154
3626	65	83	137
3627	72	83	159
3628	76	84	155
3629	78	85	139
3630	80	84	160
3631	84	85	152
3632	85	86	136
3633	85	86	133
3634	87	88	152
3635	88	88	132
3636	88	89	131
3637	88	89	131
3638	88	88	131
3639	88	89	146
3640	88	89	150
3641	88	89	138
3642	88	88	137
3643	88	88	142
3644	88	88	143
3645	88	88	145
3646	88	88	140
3647	87	88	136
3648	87	88	134
3649	87	88	139
3650	87	88	140
3651	87	88	138
3652	88	89	148
3653	88	88	145
3654	88	89	146
3655	88	88	144
3656	88	88	141
3657	87	89	148
3658	87	88	139
3659	87	88	147
3660	87	89	144
3661	86	90	157
3662	86	89	152
3663	86	89	151
3664	86	89	155
3665	86	89	140
3666	86	89	143
3667	86	89	142
3668	86	88	143
3669	87	89	142
3670	88	89	143
3671	88	89	142
3672	88	89	142
3673	88	89	142
3674	88	89	143
3675	88	89	134
3676	88	88	128
3677	87	88	133
3678	88	88	132
3679	88	88	136
3680	89	87	130
3681	88	85	128
3682	88	84	135
3683	83	84	154
3684	80	84	158
3685	73	79	163
3686	70	77	151
3687	69	75	155
3688	68	71	161
3689	68	69	140
3690	68	70	145
3691	68	70	144
3692	68	70	135
3693	68	70	139
3694	68	70	137
3695	68	70	141
3696	68	69	145
3697	68	69	146
3698	68	69	144
3699	68	69	137
3700	68	69	133
3701	69	68	132
3702	69	67	131
3703	69	67	126
3704	69	67	127
3705	69	67	122
3706	69	67	117
3707	69	67	116
3708	69	67	118
3709	69	67	126
3710	69	67	126
3711	70	68	136
3712	70	70	137
3713	70	71	144
3714	70	70	130
3715	68	71	156
3716	65	69	150
3717	65	68	132
3718	65	66	94
3719	66	51	83
3720	66	45	113
3721	66	40	141
3722	69	32	160
3723	71	28	148
3724	73	24	180
3725	76	20	173
3726	76	20	163
3727	75	21	145
3728	75	22	142
3729	75	21	153
3730	77	18	158
3731	76	18	155
3732	77	18	155
3733	77	18	154
3734	77	18	154
3735	77	18	152
3736	77	18	151
3737	75	17	142
3738	75	16	148
3739	72	15	138
3740	71	15	153
3741	66	16	151
3742	61	17	145
3743	58	16	125
3744	56	16	147
3745	56	16	151
3746	55	16	159
3747	58	16	123
3748	56	16	149
3749	57	16	118
3750	55	16	148
3751	55	16	148
3752	55	16	148
3753	55	16	147
3754	55	16	142
3755	53	16	156
3756	53	15	157
3757	53	16	156
3758	53	16	163
3759	54	16	153
3760	55	16	130
3761	49	18	109
3762	47	19	101
3763	47	19	93
3764	44	18	80
3765	24	19	32
3766	22	17	132
3767	20	17	141
3768	18	18	152
3769	20	18	130
3770	22	20	111
3771	21	22	67
3771	18	32	30	f
3772	20	39	139
3773	19	49	159
3774	16	62	164
3775	14	74	167
3776	18	82	168
3777	25	89	160
3778	30	92	105
3779	33	91	120
3780	33	91	103
3781	33	92	114
3782	34	91	138
3783	39	91	128
3784	40	90	123
3785	40	91	130
3786	39	91	133
3787	39	89	139
3788	39	90	133
3789	44	88	121
3790	46	87	147
3791	45	87	141
3792	46	88	150
3793	45	88	146
3794	46	88	145
3795	46	88	142
3796	45	88	148
3797	45	88	148
3798	46	88	143
3799	45	87	146
3800	48	85	151
3801	50	83	160
3802	50	84	134
3803	51	85	145
3804	51	85	144
3805	48	85	137
3806	50	84	148
3807	53	85	153
3808	58	85	154
3809	62	83	157
3810	65	78	167
3811	69	71	157
3812	69	70	149
3813	68	69	149
3814	69	69	129
3815	69	69	127
3816	69	69	124
3817	69	70	144
3818	68	69	145
3819	68	69	151
3820	68	68	159
3821	68	68	134
3822	68	68	132
3823	68	68	135
3824	68	68	135
3825	69	69	133
3826	69	69	131
3827	69	68	127
3828	69	68	128
3829	69	68	125
3830	69	68	126
3831	69	68	134
3832	69	67	113
3833	68	65	88
3833	68	55	36	f
3834	69	65	90
3834	69	55	30	f
3835	69	65	88
3835	69	56	40	f
3836	69	62	136
3837	69	65	91
3837	69	56	47	f
3838	69	65	87
3838	70	55	54	f
3839	69	65	87
3839	70	56	49	f
3840	69	65	90
3840	69	56	41	f
3841	69	65	89
3841	70	56	43	f
3842	69	65	87
3842	70	56	44	f
3843	69	65	86
3843	70	56	42	f
3844	69	65	85
3844	70	56	42	f
3845	69	65	88
3845	69	56	41	f
3846	69	65	80
3846	70	56	41	f
3847	69	65	82
3847	70	55	33	f
3848	69	65	89
3848	70	56	38	f
3849	69	65	87
3849	71	56	40	f
3850	69	65	83
3850	71	56	50	f
3851	69	65	82
3851	71	56	50	f
3852	69	65	87
3852	70	56	45	f
3853	69	61	145
3854	69	62	135
3855	69	61	138
3856	69	65	86
3856	70	56	49	f
3857	68	61	137
3858	69	62	127
3859	69	64	82
3859	68	56	35	f
3860	69	62	126
3861	69	65	81
3861	70	56	46	f
3862	69	65	81
3862	70	56	44	f
3863	69	65	81
3863	70	56	46	f
3864	69	65	85
3864	70	55	33	f
3865	69	65	82
3865	70	56	33	f
3866	69	65	83
3866	70	56	47	f
3867	69	65	79
3867	70	56	45	f
3868	69	61	130
3869	69	64	75
3869	68	55	56	f
3870	67	54	93
3871	67	53	107
3872	67	51	116
3873	67	51	120
3874	67	50	111
3875	65	46	127
3876	65	41	126
3877	65	34	159
3878	68	31	166
3879	69	26	162
3880	71	25	171
3881	71	25	169
3882	71	25	171
3883	71	25	166
3884	71	25	165
3885	73	24	154
3886	74	23	138
3887	74	22	126
3888	74	22	128
3889	74	23	118
3890	75	22	137
3891	76	21	153
3892	76	21	148
3893	78	19	174
3894	78	18	174
3895	78	19	172
3896	79	18	161
3897	81	19	161
3898	81	18	168
3899	82	19	171
3900	82	19	170
3901	82	19	184
3902	82	19	173
3903	82	19	170
3904	82	19	172
3905	82	19	172
3906	82	19	168
3907	82	19	167
3908	82	18	175
3909	82	19	165
3910	82	19	165
3911	82	19	164
3912	80	19	149
3913	76	18	137
3914	75	18	142
3915	72	16	141
3916	67	16	153
3917	58	16	115
3918	55	15	125
3919	54	16	128
3920	54	16	69
3920	46	18	39	f
3921	50	17	118
3922	46	17	149
3923	44	17	138
3924	40	17	118
3925	32	16	136
3926	25	14	163
3927	22	14	176
3928	23	15	178
3929	27	16	135
3930	20	21	92
3931	21	22	60
3932	21	20	76
3933	18	25	50
3934	17	25	88
3935	18	24	74
3936	19	23	78
3937	19	22	77
3938	19	21	67
3939	20	21	63
3940	20	21	NP
3941	43	20	61
3942	44	19	109
3943	45	18	121
3944	44	19	104
3945	44	19	110
3946	45	18	132
3947	43	15	136
3948	41	14	138
3949	38	13	149
3950	37	13	161
3951	36	13	163
3952	34	13	169
3953	33	13	175
3954	33	13	151
3955	34	13	152
3956	33	13	172
3957	33	13	165
3958	33	13	167
3959	33	13	168
3960	33	13	168
3961	33	13	174
3962	32	12	177
3963	34	12	156
3964	34	13	154
3965	34	13	158
3966	34	13	149
3967	34	13	143
3968	35	13	137
3969	35	13	141
3970	33	13	165
3971	35	13	148
3972	35	13	143
3973	34	14	116
3974	34	14	84
3975	31	16	50
3976	31	16	NP
3977	20	38	89
3978	20	44	149
3979	22	48	159
3980	21	49	150
3981	20	48	148
3982	18	48	166
3983	16	51	176
3984	14	56	151
3985	15	56	159
3986	15	66	160
3987	16	76	172
3988	13	87	180
3989	13	87	156
3990	14	87	149
3991	14	87	149
3992	14	87	140
3993	14	87	148
3994	13	87	146
3995	13	89	170
3996	13	89	156
3997	12	88	154
3998	15	86	154
3999	19	87	152
4000	28	89	131
4001	39	91	148
4002	41	90	139
4003	49	89	158
4004	61	84	163
4005	67	76	161
4006	70	72	169
4007	70	71	163
4008	70	72	159
4009	70	71	159
4010	70	71	150
4011	70	70	137
4012	70	70	146
4013	70	70	139
4014	70	70	133
4015	69	70	139
4016	70	70	136
4017	69	68	114
4018	69	67	108
4019	69	67	99
4020	69	66	96
4021	69	66	94
4022	69	66	99
4022	68	57	33	f
4023	69	66	97
4023	68	56	33	f
4024	69	66	101
4024	68	57	34	f
4025	69	67	103
4025	68	56	36	f
4026	69	66	99
4026	68	56	38	f
4027	69	67	99
4027	68	56	38	f
4028	69	66	102
4028	69	57	37	f
4029	69	67	105
4029	68	56	40	f
4030	69	66	96
4030	67	55	40	f
4031	69	65	85
4031	67	56	59	f
4032	69	65	83
4032	68	55	63	f
4033	69	65	78
4033	67	55	69	f
4034	69	65	75
4034	67	54	69	f
4035	68	60	147
4036	69	65	75
4036	67	55	54	f
4037	69	65	74
4037	68	55	64	f
4038	68	54	75
4038	69	64	70	f
4039	69	65	84
4039	67	55	57	f
4040	69	65	75
4040	66	55	57	f
4041	68	61	128
4042	70	65	84
4042	67	57	40	f
4043	69	65	77
4043	68	55	42	f
4044	67	54	72
4044	69	63	49	f
4045	67	49	133
4046	65	41	123
4047	63	29	143
4048	62	26	159
4049	62	26	164
4050	62	26	163
4051	62	26	167
4052	62	27	159
4053	62	27	154
4054	62	26	148
4055	62	27	146
4056	65	27	120
4057	65	23	144
4058	65	21	164
4059	65	20	158
4060	64	20	146
4061	62	16	158
4062	63	17	127
4063	62	16	138
4064	63	17	137
4065	61	17	144
4066	60	18	149
4067	61	20	145
4068	63	24	137
4069	66	29	139
4070	67	41	144
4071	67	50	122
4072	67	51	128
4073	68	52	134
4074	68	53	121
4075	68	52	124
4076	68	52	110
4077	69	52	114
4078	68	52	104
4079	70	50	119
4080	70	49	138
4081	70	49	134
4082	72	43	143
4083	73	39	129
4084	72	39	127
4085	72	39	126
4086	72	39	137
4087	71	33	151
4088	72	29	152
4089	78	21	158
4090	88	20	151
4091	99	21	161
4092	108	24	170
4093	116	25	157
4094	117	23	156
4095	115	23	148
4096	115	26	149
4097	117	33	150
4098	117	43	163
4099	114	63	164
4100	113	77	165
4101	116	80	166
4102	117	83	136
4103	119	84	149
4104	119	83	151
4105	118	84	156
4106	116	83	136
4107	113	84	159
4108	105	87	149
4109	95	87	142
4110	92	87	144
4111	85	86	152
4112	77	83	156
4113	74	83	151
4114	74	83	152
4115	67	82	153
4116	63	84	175
4117	55	85	156
4118	55	86	141
4119	55	86	142
4120	55	88	162
4121	53	88	166
4122	54	87	148
4123	54	87	149
4124	56	86	130
4125	56	85	142
4126	56	86	137
4127	57	86	127
4128	57	87	147
4129	54	87	161
4130	52	86	163
4131	52	86	157
4132	55	86	140
4133	56	86	142
4134	55	87	145
4135	55	87	151
4136	56	87	140
4137	56	88	136
4138	58	90	164
4139	61	88	164
4140	63	84	177
4141	65	81	169
4142	66	81	168
4143	65	81	156
4144	66	78	179
4145	66	75	159
4146	66	74	158
4147	66	74	153
4148	66	75	154
4149	67	75	158
4150	67	75	159
4151	67	75	158
4152	66	75	160
4153	67	75	158
4154	67	75	156
4155	67	75	159
4156	67	75	158
4157	67	75	158
4158	67	75	155
4159	67	75	152
4160	67	75	151
4161	67	75	143
4162	67	75	146
4163	67	75	123
4164	67	75	135
4165	67	75	128
4166	67	75	120
4167	67	74	145
4168	67	74	143
4169	67	74	158
4170	68	71	145
4171	67	73	143
4172	68	71	135
4173	67	72	137
4174	67	72	149
4175	67	72	141
4176	68	72	139
4177	67	72	134
4178	67	72	152
4179	67	70	137
4180	67	68	117
4181	67	68	117
4182	68	66	106
4183	68	66	98
4184	68	66	97
4185	68	66	101
4186	68	67	108
4187	68	66	102
4188	68	66	95
4189	68	66	100
4190	68	66	103
4191	68	66	101
4191	68	57	32	f
4192	69	62	137
4193	68	65	81
4193	70	55	53	f
4194	69	65	87
4194	69	56	54	f
4195	69	61	140
4196	69	65	82
4196	69	55	59	f
4197	69	64	81
4197	69	55	64	f
4198	69	64	81
4198	69	55	64	f
4199	69	65	82
4199	69	55	63	f
4200	69	65	81
4200	69	55	65	f
4201	69	64	84
4201	68	55	65	f
4202	69	64	76
4202	69	54	68	f
4203	68	54	71
4203	68	63	56	f
4204	68	52	113
4205	68	52	130
4206	69	51	152
4207	68	49	157
4208	69	45	147
4209	68	45	156
4210	68	42	155
4211	69	40	147
4212	69	39	149
4213	69	38	156
4214	69	38	153
4215	70	34	169
4216	70	31	162
4217	71	29	168
4218	71	27	181
4219	73	23	177
4220	74	20	163
4221	75	19	171
4222	77	18	165
4223	76	19	153
4224	73	21	155
4225	72	22	152
4226	70	22	152
4227	70	21	148
4228	67	21	148
4229	63	20	169
4230	61	19	170
4231	60	18	157
4232	60	18	160
4233	60	18	151
4234	58	18	139
4235	57	18	131
4236	52	18	143
4237	42	16	124
4238	36	16	120
4239	39	16	64
4240	39	16	NP
4241	18	23	51
4242	16	23	89
4243	15	21	88
4244	17	20	118
4245	17	19	129
4246	17	19	124
4247	18	19	114
4248	20	19	106
4249	24	17	87
4250	24	17	72
4251	23	18	72
4252	23	18	NP
4253	20	34	41
4254	19	40	150
4255	18	48	166
4256	18	59	160
4257	20	80	153
4258	23	85	154
4259	31	90	146
4260	33	90	127
4261	34	91	123
4262	36	90	127
4263	41	90	135
4264	57	87	158
4265	60	86	139
4266	64	83	169
4267	65	81	173
4268	65	82	170
4269	65	82	173
4270	66	80	171
4271	69	74	168
4272	69	70	145
4273	69	69	129
4274	70	69	121
4275	70	69	119
4276	70	69	125
4277	70	69	125
4278	70	67	112
4279	70	67	102
4280	70	67	103
4281	70	66	106
4282	70	67	109
4283	70	67	113
4284	70	67	105
4284	70	57	32	f
4285	70	67	107
4286	70	67	108
4287	70	67	106
4288	70	67	108
4289	70	66	102
4289	69	56	36	f
4290	69	61	122
4291	70	55	65
4291	69	63	45	f
4292	70	54	92
4293	71	53	105
4294	71	53	111
4295	70	52	119
4296	70	52	120
4297	70	48	149
4298	69	38	153
4299	69	37	146
4300	67	33	146
4301	65	28	124
4302	62	22	127
4303	64	24	123
4304	62	24	139
4305	64	24	124
4306	64	23	127
4307	64	25	132
4308	65	26	122
4309	65	29	118
4310	67	32	135
4311	67	31	137
4312	67	32	137
4313	67	32	134
4314	67	32	131
4315	67	32	125
4316	67	32	130
4317	67	32	132
4318	67	32	130
4319	67	32	133
4320	66	31	149
4321	66	30	149
4322	66	30	168
4323	66	30	161
4324	67	30	137
4325	67	30	140
4326	67	29	151
4327	67	29	159
4328	67	31	129
4329	66	31	121
4330	66	31	124
4331	66	31	116
4332	66	30	130
4333	66	30	139
4334	66	30	130
4335	66	31	139
4336	67	31	128
4337	68	33	140
4338	69	31	150
4339	69	30	154
4340	69	30	150
4341	69	30	152
4342	69	30	151
4343	69	30	151
4344	68	30	159
4345	68	29	149
4346	67	30	147
4347	67	29	148
4348	67	30	149
4349	67	29	147
4350	67	30	141
4351	66	30	153
4352	67	30	143
4353	67	30	140
4354	66	30	137
4355	67	30	141
4356	67	30	141
4357	66	30	141
4358	66	30	144
4359	67	30	140
4360	66	30	140
4361	66	30	140
4362	66	30	134
4363	66	30	147
4364	67	30	141
4365	66	30	166
4366	66	30	155
4367	67	30	146
4368	67	29	155
4369	67	30	148
4370	67	30	150
4371	67	30	149
4372	67	29	153
4373	66	29	157
4374	66	29	156
4375	67	29	161
4376	66	30	152
4377	65	30	171
4378	66	30	153
4379	66	30	142
4380	67	30	134
4381	69	29	158
4382	71	25	167
4383	75	22	152
4384	85	19	154
4385	91	18	154
4386	93	16	175
4387	99	16	165
4388	102	18	179
4389	108	21	173
4390	111	23	151
4391	112	24	163
4392	112	25	156
4393	114	27	156
4394	118	32	140
4395	119	38	144
4396	120	46	169
4397	118	62	162
4398	114	76	163
4399	112	85	133
4400	114	86	151
4401	116	89	147
4402	117	89	143
4403	117	89	153
4404	118	90	168
4405	119	90	161
4406	119	90	158
4407	118	89	146
4408	118	88	140
4409	118	87	142
4410	118	87	146
4411	118	88	145
4412	118	89	154
4413	116	88	147
4414	110	93	172
4415	104	92	143
4416	98	92	145
4417	94	92	128
4418	94	92	127
4419	91	91	137
4420	85	90	137
4421	80	90	135
4422	79	91	158
4423	79	91	145
4424	79	90	155
4425	78	90	151
4426	75	90	158
4427	64	90	161
4428	57	91	161
4429	52	92	160
4430	50	92	167
4431	45	87	166
4432	46	89	155
4433	46	89	165
4434	46	89	170
4435	46	89	170
4436	46	89	172
4437	46	89	169
4438	46	89	168
4439	46	89	166
4440	46	89	166
4441	46	89	166
4442	46	89	165
4443	46	89	165
4444	46	89	164
4445	46	89	165
4446	46	88	162
4447	46	89	164
4448	46	89	159
4449	46	89	156
4450	46	87	170
4451	47	87	146
4452	47	88	134
4453	48	88	142
4454	48	88	138
4455	48	89	151
4456	48	88	141
4457	48	88	152
4458	48	89	151
4459	48	88	137
4460	47	88	140
4461	47	88	132
4462	47	88	144
4463	48	88	136
4464	48	87	133
4465	48	88	140
4466	48	87	139
4467	47	87	142
4468	47	89	149
4469	47	89	161
4470	47	89	159
4471	46	88	164
4472	46	88	168
4473	47	88	149
4474	47	88	148
4475	47	88	156
4476	47	88	155
4477	46	88	160
4478	46	88	154
4479	46	88	155
4480	46	88	163
4481	47	88	154
4482	47	87	143
4483	48	87	137
4484	47	87	135
4485	47	87	132
4486	47	87	149
4487	47	87	144
4488	48	88	143
4489	48	88	147
4490	48	87	147
4491	49	88	157
4492	50	89	147
4493	52	89	145
4494	54	88	149
4495	56	89	154
4496	56	88	157
4497	57	88	150
4498	57	89	159
4499	57	88	157
4500	57	87	151
4501	60	84	141
4502	61	84	139
4503	60	84	141
4504	60	84	136
4505	60	84	149
4506	61	83	154
4507	61	83	153
4508	61	83	148
4509	61	83	151
4510	61	83	152
4511	61	83	151
4512	61	83	154
4513	61	84	149
4514	61	83	156
4515	61	83	152
4516	62	82	139
4517	63	80	132
4518	63	78	152
4519	64	74	144
4520	64	71	134
4521	65	70	127
4522	66	69	134
4523	65	69	123
4524	65	69	120
4525	65	69	126
4526	65	69	117
4527	65	69	118
4528	65	69	116
4529	65	69	117
4530	65	69	126
4531	65	69	118
4532	65	69	118
4533	65	69	118
4534	65	69	123
4535	65	69	129
4536	66	69	127
4537	65	69	126
4538	66	69	125
4539	66	69	127
4540	65	68	118
4541	66	69	125
4542	65	68	123
4543	65	69	122
4544	65	68	131
4545	65	69	129
4546	65	69	127
4547	65	69	130
4548	65	69	124
4549	65	69	121
4550	65	69	128
4551	65	69	120
4552	65	69	117
4553	65	69	118
4554	65	69	124
4555	65	69	122
4556	65	68	118
4557	65	69	122
4558	65	69	126
4559	65	69	126
4560	65	69	124
4561	65	69	126
4562	65	69	125
4563	65	69	125
4564	65	69	119
4565	65	69	125
4566	65	69	125
4567	65	69	125
4568	65	69	125
4569	65	69	124
4570	65	69	126
4571	65	69	124
4572	65	69	124
4573	65	69	124
4574	65	69	121
4575	65	69	119
4576	65	68	113
4577	65	68	118
4578	65	68	114
4579	66	67	116
4580	65	67	120
4581	65	67	120
4582	65	67	121
4583	65	68	124
4584	65	68	123
4585	65	68	118
4586	65	68	111
4587	65	67	107
4588	65	67	104
4589	65	67	104
4590	65	67	110
4591	65	67	109
4592	66	67	114
4593	66	67	113
4594	66	66	111
4595	65	67	106
4596	65	67	112
4597	65	67	112
4598	65	67	112
4599	65	66	122
4600	65	67	122
4601	66	65	119
4602	67	65	106
4603	68	65	119
4604	68	65	114
4605	68	65	110
4606	68	66	110
4607	68	65	116
4608	68	65	112
4609	68	65	115
4610	67	65	125
4611	68	65	114
4612	68	65	90
4612	63	56	35	f
4613	68	64	73
4614	68	62	103
4615	68	62	102
4616	68	64	72
4617	67	63	98
4618	67	64	97
4619	68	64	93
4620	70	64	94
4621	69	64	105
4622	69	64	97
4623	69	63	101
4624	69	63	69
4624	70	58	31	f
4625	70	63	75
4626	69	53	113
4626	70	63	41	f
4627	70	53	112
4628	70	54	105
4629	70	53	115
4630	70	53	102
4631	70	54	101
4632	70	54	106
4633	69	52	127
4634	68	52	98
4635	69	51	95
4636	67	53	82
4637	66	54	47
4637	60	55	34	f
4637	65	64	42	f
4638	66	65	54
4638	66	55	48	f
4639	65	65	68
4639	66	55	48	f
4640	65	64	131
4641	65	68	123
4642	65	68	125
4643	65	68	124
4644	65	68	127
4645	65	67	116
4646	65	68	128
4647	65	67	119
4648	65	67	121
4649	65	68	118
4650	65	67	114
4651	65	68	122
4652	65	68	134
4653	65	68	129
4654	64	68	140
4655	64	68	130
4656	64	68	128
4657	65	69	136
4658	64	68	136
4659	67	70	154
4660	69	74	176
4661	70	74	177
4662	69	74	183
4663	69	74	177
4664	69	74	170
4665	69	73	164
4666	68	73	150
4667	66	71	146
4668	66	72	158
4669	65	78	149
4670	63	82	161
4671	60	84	157
4672	57	86	151
4673	50	90	165
4674	50	91	153
4675	50	91	160
4676	50	90	158
4677	50	91	152
4678	50	90	134
4679	50	90	136
4680	50	91	149
4681	50	91	151
4682	51	91	134
4683	52	90	131
4684	51	91	157
4685	50	91	158
4686	51	89	142
4687	51	89	148
4688	51	89	155
4689	50	90	153
4690	49	90	160
4691	48	89	161
4692	49	90	152
4693	48	88	162
4694	49	86	157
4695	50	85	154
4696	54	82	153
4697	54	82	154
4698	54	82	148
4699	54	82	149
4700	55	82	145
4701	61	82	165
4702	69	81	159
4703	72	81	150
4704	77	85	178
4705	83	86	149
4706	85	86	145
4707	85	85	146
4708	86	85	150
4709	85	85	137
4710	85	85	137
4711	85	85	137
4712	85	85	141
4713	86	85	142
4714	86	85	146
4715	85	85	146
4716	87	84	125
4717	86	83	115
4718	86	83	102
4719	87	83	103
4720	87	83	115
4721	86	85	111
4722	85	87	131
4723	83	86	155
4724	77	83	147
4725	75	81	161
4726	71	75	166
4727	70	70	151
4728	70	68	121
4729	69	67	116
4730	69	67	103
4731	70	67	110
4732	69	67	107
4733	70	67	106
4734	70	67	109
4735	70	67	106
4736	69	67	97
4737	70	67	104
4738	70	67	105
4739	69	67	104
4740	70	67	107
4741	69	67	108
4742	69	67	117
4743	70	67	119
4744	69	67	127
4745	69	66	141
4746	68	66	142
4747	67	66	142
4748	69	67	112
4749	69	67	101
4750	68	66	96
4751	68	66	106
4752	68	66	103
4753	68	66	98
4754	68	66	106
4755	68	66	105
4756	67	65	93
4757	68	64	100
4758	67	64	94
4759	69	64	96
4760	68	65	120
4761	68	65	121
4762	68	64	120
4763	67	65	99
4764	67	65	91
4765	67	65	95
4766	67	65	98
4767	67	65	97
4768	67	65	97
4769	67	64	93
4770	68	65	121
4771	68	66	137
4772	69	67	150
4773	71	70	159
4774	73	74	152
4775	73	76	153
4776	75	80	165
4777	78	83	162
4778	84	85	151
4779	86	86	139
4780	86	86	140
4781	86	86	138
4782	86	85	140
4783	86	85	143
4784	86	85	144
4785	86	85	143
4786	87	86	146
4787	88	88	149
4788	88	89	149
4789	89	89	143
4790	86	90	154
4791	82	91	150
4792	82	91	150
4793	82	91	144
4794	81	90	147
4795	81	91	153
4796	80	90	150
4797	81	90	149
4798	81	90	146
4799	82	89	156
4800	82	89	157
4801	81	89	149
4802	81	89	149
4803	82	89	145
4804	81	89	129
4805	81	89	147
4806	77	89	142
4807	72	88	145
4808	66	79	146
4809	65	72	147
4810	65	70	138
4811	65	69	126
4812	65	68	123
4813	65	68	127
4814	65	68	118
4815	65	67	109
4816	66	67	97
4817	66	66	97
4818	66	66	102
4819	66	66	103
4820	66	66	101
4820	68	57	30	f
4821	66	66	97
4822	66	66	95
4822	66	56	38	f
4823	66	66	103
4823	67	57	32	f
4824	66	66	102
4824	67	57	33	f
4825	66	66	102
4825	67	57	33	f
4826	66	66	102
4826	67	57	33	f
4827	66	66	105
4827	67	57	32	f
4828	66	66	100
4829	65	66	98
4830	66	66	105
4831	65	67	105
4832	65	67	103
4833	65	67	106
4834	65	67	102
4835	65	67	103
4836	65	66	109
4837	65	66	109
4838	65	66	112
4839	65	66	114
4840	65	66	114
4841	65	66	114
4842	65	66	115
4843	65	66	114
4844	65	66	114
4845	65	66	113
4846	65	66	113
4847	65	66	113
4848	65	66	114
4849	65	66	113
4850	65	66	113
4851	65	66	114
4852	65	66	116
4853	65	66	113
4854	65	66	112
4855	65	66	116
4856	65	66	119
4857	65	66	118
4858	65	66	118
4859	65	66	117
4860	66	66	128
4861	65	66	128
4862	65	66	128
4863	65	66	129
4864	65	66	129
4865	65	66	129
4866	65	66	129
4867	65	66	129
4868	65	66	124
4869	64	67	119
4870	65	67	123
4871	65	67	122
4872	65	67	123
4873	65	67	120
4874	65	67	113
4875	65	67	111
4876	65	67	111
4877	65	67	111
4878	65	67	113
4879	65	67	114
4880	65	67	113
4881	65	67	113
4882	65	67	115
4883	65	67	120
4884	65	67	116
4885	65	67	116
4886	65	67	116
4887	65	67	116
4888	65	67	116
4889	65	67	115
4890	65	67	115
4891	64	67	114
4892	64	67	114
4893	64	67	114
4894	65	67	116
4895	65	67	116
4896	65	67	116
4897	65	67	116
4898	65	67	116
4899	64	67	114
4900	64	67	114
4901	64	67	114
4902	65	67	115
4903	64	67	113
4904	64	68	113
4905	65	67	114
4906	65	67	123
4907	66	67	129
4908	66	67	139
4909	67	67	151
4910	67	67	159
4911	68	66	154
4912	68	66	154
4913	68	66	157
4914	68	67	158
4915	68	66	155
4916	68	66	154
4917	67	66	158
4918	67	66	155
4919	67	66	143
4920	67	67	142
4921	67	66	139
4922	67	66	142
4923	67	66	158
4924	67	67	161
4925	67	67	152
4926	67	67	153
4927	66	68	147
4928	67	68	145
4929	70	70	153
4930	71	73	147
4931	72	74	147
4932	71	76	145
4933	72	78	165
4934	72	81	152
4935	75	83	152
4936	81	86	163
4937	85	88	142
4938	86	88	143
4939	87	87	125
4940	89	87	130
4941	88	86	135
4942	87	86	140
4943	82	85	150
4944	78	84	144
4945	78	85	153
4946	76	85	155
4947	75	84	140
4948	74	85	143
4949	75	85	145
4950	74	85	153
4951	74	85	155
4952	74	85	151
4953	73	83	149
4954	73	84	156
4955	73	84	144
4956	73	85	160
4957	72	86	145
4958	69	87	148
4959	67	88	161
4960	65	88	154
4961	63	89	158
4962	59	89	156
4963	55	89	145
4964	51	90	149
4965	51	91	129
4966	52	91	146
4967	50	91	149
4968	51	91	155
4969	50	91	152
4970	50	91	160
4971	50	91	159
4972	50	90	154
4973	51	90	136
4974	50	89	144
4975	49	89	151
4976	47	87	163
4977	46	87	139
4978	47	87	133
4979	49	85	155
4980	53	82	155
4981	54	82	144
4982	54	82	151
4983	55	82	150
4984	54	82	148
4985	54	82	151
4986	54	82	144
4987	54	82	144
4988	54	82	143
4989	54	83	143
4990	54	83	142
4991	54	83	144
4992	54	83	145
4993	54	82	142
4994	54	82	142
4995	54	82	142
4996	54	82	143
4997	54	82	142
4998	54	82	142
4999	54	82	141
5000	54	82	141
5001	54	82	140
5002	54	82	140
5003	54	82	140
5004	54	82	140
5005	54	82	140
5006	54	82	141
5007	54	82	142
5008	54	82	141
5009	54	82	141
5010	54	82	140
5011	54	82	141
5012	54	82	142
5013	54	82	140
5014	54	82	142
5015	54	82	147
5016	54	82	144
5017	54	82	143
5018	54	82	143
5019	54	82	142
5020	54	82	142
5021	54	82	141
5022	54	82	140
5023	54	82	140
5024	54	82	139
5025	54	82	140
5026	54	82	141
5027	54	82	140
5028	54	82	140
5029	54	82	143
5030	54	82	143
5031	54	82	144
5032	54	82	144
5033	54	82	145
5034	54	82	145
5035	54	82	141
5036	54	82	141
5037	54	82	143
5038	54	82	142
5039	54	82	142
5040	54	82	143
5041	54	82	143
5042	54	82	143
5043	54	82	143
5044	54	82	146
5045	54	82	146
5046	54	82	147
5047	54	82	146
5048	54	82	146
5049	54	82	145
5050	54	82	145
5051	54	82	144
5052	54	82	142
5053	54	82	143
5054	54	82	142
5055	54	82	141
5056	54	82	142
5057	54	82	141
5058	54	82	143
5059	54	82	141
5060	54	82	142
5061	54	82	144
5062	54	82	144
5063	54	82	145
5064	54	82	144
5065	54	82	143
5066	54	82	143
5067	53	82	140
5068	53	83	140
5069	54	83	149
5070	54	83	147
5071	54	83	144
5072	54	83	144
5073	54	82	143
5074	54	82	144
5075	54	82	143
5076	53	82	139
5077	53	82	134
5078	54	82	138
5079	54	83	148
5080	53	83	143
5081	54	83	144
5082	54	83	148
5083	54	83	143
5084	54	83	142
5085	54	83	141
5086	54	83	141
5087	53	83	137
5088	54	83	140
5089	54	82	138
5090	53	83	132
5091	52	83	144
5092	52	83	145
5093	52	83	143
5094	52	83	146
5095	52	83	143
5096	53	83	148
5097	52	83	148
5098	52	83	148
5099	53	83	151
5100	53	83	149
5101	52	83	148
5102	53	83	149
5103	59	82	157
5104	66	78	151
5105	70	71	163
5106	70	68	125
5107	71	68	122
5108	72	68	127
5109	71	68	136
5110	69	67	143
5111	69	67	142
5112	70	67	122
5113	70	67	124
5114	70	67	123
5115	70	67	125
5116	70	67	127
5117	70	66	122
5118	68	66	146
5119	67	66	145
5120	68	66	133
5121	68	66	134
5122	68	66	136
5123	68	67	145
5124	66	69	150
5125	63	70	144
5126	63	73	165
5127	63	73	158
5128	64	77	133
5129	64	79	141
5130	65	81	136
5131	68	81	156
5132	71	81	144
5133	74	82	154
5134	78	83	161
5135	82	83	132
5136	81	84	138
5137	81	84	143
5138	81	84	144
5139	81	84	144
5140	80	84	136
5141	82	83	146
5142	81	84	140
5143	83	84	148
5144	86	84	151
5145	90	87	141
5146	88	87	148
5147	86	89	155
5148	87	90	148
5149	84	89	150
5150	83	90	145
5151	83	90	139
5152	83	90	147
5153	79	90	136
5154	77	90	142
5155	76	90	141
5156	76	90	145
5157	76	91	131
5158	72	92	146
5159	70	93	161
5160	70	92	154
5161	66	91	150
5162	65	91	157
5163	58	90	158
5164	55	90	161
5165	52	87	155
5166	51	86	158
5167	49	86	156
5168	49	86	119
5169	50	85	147
5170	51	84	148
5171	52	83	148
5172	52	83	145
5173	52	83	146
5174	52	83	142
5175	53	83	140
5176	54	83	134
5177	58	83	131
5178	60	82	131
5179	61	82	132
5180	60	82	127
5181	61	82	140
5182	62	79	146
5183	64	75	143
5184	64	74	133
5185	64	72	134
5186	65	71	143
5187	65	69	120
5188	65	68	119
5189	66	67	101
5190	66	68	117
5191	66	68	118
5192	66	67	122
5193	66	67	116
5194	66	67	116
5195	66	67	117
5196	66	67	117
5197	65	67	110
5198	65	67	108
5199	65	67	113
5200	65	68	115
5201	65	68	110
5202	65	68	104
5203	65	68	100
5204	65	67	95
5205	65	67	104
5206	65	67	103
5207	65	68	98
5208	65	67	103
5209	65	67	95
5210	65	68	99
5211	65	68	98
5212	65	67	98
5213	65	68	97
5214	65	67	105
5215	65	67	105
5216	65	67	104
5217	65	68	104
5218	65	68	113
5219	65	68	108
5220	65	68	104
5221	65	67	106
5222	65	68	103
5223	65	68	104
5224	65	67	111
5225	65	67	112
5226	65	67	112
5227	66	67	117
5228	66	67	118
5229	65	68	111
5230	66	68	112
5231	65	68	109
5232	65	68	112
5233	65	68	114
5234	65	68	109
5235	65	68	105
5236	65	68	107
5237	65	68	116
5238	65	68	105
5239	65	68	116
5240	65	68	116
5241	65	68	111
5242	65	68	113
5243	65	68	114
5244	65	68	109
5245	65	68	106
5246	65	68	113
5247	65	68	116
5248	65	68	112
5249	65	68	116
5250	65	68	120
5251	65	68	106
5252	65	68	112
5253	65	68	108
5254	65	68	103
5255	65	68	107
5256	65	68	112
5257	65	67	103
5258	65	67	115
5259	66	68	111
5260	66	68	114
5261	66	67	118
5262	66	68	125
5263	66	68	116
5264	65	68	127
5265	65	68	110
5266	65	67	124
5267	65	68	107
5268	66	68	114
5269	67	67	104
5270	68	65	87
5271	67	64	107
5272	67	64	112
5273	68	65	111
5274	68	65	106
5275	69	65	101
5276	69	65	101
5277	69	65	102
5278	69	65	103
5279	69	65	103
5280	69	65	103
5281	69	65	103
5282	69	65	103
5283	69	65	102
5284	69	65	102
5285	69	65	102
5286	69	65	102
5287	67	64	123
5288	68	65	114
5289	68	65	124
5290	69	65	102
5291	69	65	102
5292	69	65	100
5293	69	66	92
5294	69	65	98
5295	69	65	101
5296	69	65	99
5297	69	65	98
5298	69	65	98
5299	69	65	101
5300	69	65	99
5301	69	66	108
5302	67	65	136
5303	67	66	127
5304	68	65	120
5305	69	66	102
5306	69	65	98
5307	69	65	100
5308	69	66	99
5309	69	65	101
5310	69	66	106
5311	69	66	106
5312	69	66	102
5313	69	66	105
5314	69	66	102
5315	69	66	105
5316	69	66	102
5317	69	66	102
5318	69	66	102
5319	69	66	102
5320	69	66	102
5321	69	66	102
5322	69	66	102
5323	69	66	102
5324	69	66	101
5325	69	66	102
5326	69	66	102
5327	69	66	99
5328	69	65	102
5329	69	66	95
5330	69	65	102
5331	69	65	102
5332	69	66	95
5333	69	66	100
5334	69	66	101
5335	69	65	104
5336	69	66	101
5337	69	65	99
5338	67	64	64
5338	66	56	39	f
5339	68	63	52
5339	66	56	45	f
5340	66	55	72
5340	67	63	40	f
5341	66	53	89
5342	67	53	81
5343	66	48	90
5344	66	47	93
5345	67	43	124
5346	67	40	131
5347	67	38	129
5348	66	35	125
5349	65	24	150
5350	65	20	135
5351	65	21	119
5352	62	21	156
5353	56	19	126
5354	57	19	119
5355	57	19	115
5356	57	19	111
5357	56	19	103
5358	53	18	136
5359	53	18	139
5360	51	18	151
5361	51	17	159
5362	51	17	150
5363	50	18	121
5364	44	19	79
5365	44	19	NP
5366	44	19	NP
5367	44	19	NP
5368	23	18	57
5369	23	17	72
5370	22	19	57
5371	22	19	NP
