Slice	X	Y	AREA
0	0	0	NP
1	66	76	173
2	69	71	142
3	67	70	156
4	68	70	145
5	69	70	136
6	69	70	143
7	68	70	132
8	68	68	97
9	67	56	30
9	68	63	30	f
10	62	50	70
10	68	56	45	f
11	62	50	42
11	69	57	38	f
12	64	50	124
13	63	42	142
14	65	33	167
15	68	26	153
16	73	22	200
17	73	22	197
18	73	23	181
19	72	23	189
20	73	22	198
21	74	20	213
22	72	23	174
23	69	22	164
24	67	20	145
25	63	17	182
26	60	16	184
27	61	16	155
28	64	17	139
29	64	17	147
30	60	17	158
31	54	17	165
32	52	18	170
33	50	18	156
34	46	20	147
35	40	21	67
35	27	18	49	f
36	30	17	134
37	29	16	133
38	28	17	102
39	28	17	NP
40	24	19	32
41	24	19	33
42	24	19	33
43	24	19	33
44	24	19	36
45	24	19	40
46	19	33	36
47	18	34	67
48	16	35	86
49	15	36	116
50	16	36	109
51	16	37	121
52	15	38	161
53	15	36	125
54	16	35	112
55	15	35	115
56	16	34	101
57	14	30	85
58	17	32	58
58	12	25	49	f
59	17	32	59
59	12	25	47	f
60	17	32	52
61	17	36	97
62	18	39	154
63	17	45	155
64	19	55	155
65	21	64	161
66	22	73	157
67	21	74	160
68	23	81	167
69	29	88	162
70	28	88	125
71	28	88	126
72	32	88	154
73	34	89	119
74	33	89	119
75	33	89	118
76	35	88	136
77	38	88	133
78	40	88	143
79	46	87	167
80	55	85	168
81	66	79	164
82	66	79	170
83	69	75	176
84	70	73	174
85	68	72	171
86	68	72	159
87	69	72	150
88	68	72	162
89	67	71	182
90	68	72	164
91	69	72	157
92	70	71	166
93	70	71	169
94	69	70	148
95	69	66	99
95	68	56	41	f
96	68	54	64
96	69	64	51	f
97	67	51	85
98	68	42	131
99	69	34	157
100	71	30	177
101	72	27	167
102	72	26	171
103	72	26	164
104	73	25	157
105	77	22	175
106	82	20	169
107	88	21	167
108	89	21	169
109	94	21	173
110	103	21	190
111	115	22	175
112	115	24	177
113	114	23	179
114	114	23	181
115	115	23	176
116	115	24	170
117	116	27	188
118	117	29	168
119	118	29	159
120	118	32	142
121	118	33	135
122	120	39	159
123	122	47	168
124	123	53	173
125	120	58	164
126	119	67	169
127	116	73	174
128	116	73	178
129	116	74	160
130	119	76	178
131	121	84	178
132	121	85	172
133	120	84	167
134	120	84	170
135	120	84	167
136	119	85	179
137	116	86	177
138	109	89	172
139	103	89	143
140	99	87	150
141	98	87	150
142	98	87	138
143	102	88	117
144	101	89	114
145	101	88	115
146	102	87	109
147	102	87	109
148	102	87	109
149	102	88	106
150	102	88	106
151	102	88	112
152	102	88	111
153	102	88	108
154	102	88	110
155	102	88	110
156	102	88	113
157	102	88	116
158	102	88	114
159	102	88	116
160	102	88	114
161	102	88	115
162	102	88	113
163	102	88	113
164	102	88	115
165	102	88	115
166	102	88	115
167	102	88	114
168	102	88	115
169	102	88	115
170	102	88	114
171	102	88	115
172	102	88	114
173	102	88	112
174	102	88	107
175	102	88	107
176	102	88	108
177	102	88	109
178	102	88	108
179	101	88	114
180	99	89	138
181	96	89	141
182	97	89	119
183	97	88	118
184	97	89	129
185	98	88	117
186	99	88	109
187	99	88	115
188	100	89	132
189	100	89	126
190	101	89	155
191	101	89	143
192	101	87	142
193	101	87	146
194	104	87	150
195	104	87	150
196	105	86	160
197	105	86	156
198	105	86	160
199	104	86	156
200	104	86	151
201	104	86	147
202	105	84	165
203	106	84	162
204	106	84	174
205	107	84	184
206	105	87	154
207	103	86	151
208	101	87	126
209	101	87	118
210	100	89	123
211	99	89	115
212	100	90	117
213	99	90	122
214	99	90	120
215	99	90	126
216	99	91	126
217	97	90	146
218	97	90	141
219	96	91	152
220	91	90	147
221	84	89	143
222	68	91	157
223	63	88	165
224	63	88	174
225	63	87	146
226	63	82	154
227	64	74	161
228	64	73	162
229	65	69	137
230	65	67	115
231	70	55	69
231	67	64	69	f
232	70	53	110
233	69	50	151
234	67	42	139
235	68	32	167
236	67	29	152
237	65	26	175
238	63	24	162
239	63	24	162
240	59	20	170
241	60	19	169
242	61	20	158
243	61	19	159
244	62	22	138
245	62	22	138
246	62	22	144
247	62	23	139
248	62	22	140
249	62	22	133
250	61	19	147
251	61	18	151
252	64	17	166
253	68	15	164
254	73	13	171
255	77	14	168
256	78	14	156
257	78	14	157
258	78	14	157
259	78	14	159
260	78	14	165
261	78	14	163
262	78	14	161
263	79	14	169
264	79	14	171
265	79	13	179
266	79	14	184
267	81	14	187
268	88	17	178
269	96	20	182
270	103	19	175
271	107	19	179
272	107	18	187
273	110	17	189
274	114	17	196
275	114	16	178
276	114	15	196
277	115	15	190
278	114	15	192
279	115	15	198
280	114	15	183
281	113	16	162
282	112	16	169
283	111	18	157
284	114	21	151
285	118	27	141
286	118	33	149
287	119	38	152
288	121	40	148
289	121	41	157
290	121	42	151
291	120	44	163
292	118	50	177
293	115	56	169
294	114	66	178
295	111	82	190
296	105	88	174
297	105	87	169
298	103	87	151
299	99	88	132
300	98	88	141
301	94	86	150
302	94	86	144
303	94	86	136
304	97	89	88
305	98	89	86
306	99	88	112
307	99	87	118
308	99	87	117
309	99	87	123
310	99	87	120
311	99	88	114
312	97	89	128
313	94	90	140
314	85	90	137
315	78	90	166
316	66	87	175
317	59	85	174
318	55	85	176
319	55	86	163
320	51	87	170
321	50	87	153
322	51	87	144
323	51	87	142
324	51	86	149
325	51	85	157
326	51	85	156
327	52	86	145
328	55	87	158
329	56	86	149
330	57	85	148
331	58	84	155
332	60	81	160
333	67	74	175
334	69	71	159
335	69	70	148
336	70	68	125
337	70	68	121
338	70	68	118
339	70	67	114
340	70	68	124
341	70	67	121
342	70	67	110
343	70	66	99
344	69	66	122
345	69	66	123
346	70	66	106
347	71	66	107
348	70	66	112
349	71	66	109
350	70	66	104
351	70	65	83
351	69	55	58	f
352	69	52	106
353	71	47	157
354	73	38	157
355	72	29	164
356	75	26	162
357	75	25	159
358	75	25	165
359	75	25	155
360	75	24	177
361	72	26	168
362	67	20	174
363	61	17	172
364	55	14	152
365	52	15	162
366	46	17	149
367	42	19	116
368	37	19	44
369	37	19	NP
370	37	19	NP
371	37	19	NP
372	37	19	45
373	37	19	45
374	37	19	42
375	37	18	35
376	37	18	NP
377	37	18	NP
378	13	25	46
379	13	26	45
380	14	32	33
381	15	33	57
382	16	36	99
383	16	42	153
384	19	54	167
385	21	68	159
386	21	71	144
387	21	71	142
388	21	72	149
389	21	74	147
390	22	79	164
391	23	87	168
392	24	87	166
393	23	87	165
394	24	87	147
395	28	90	116
396	35	90	148
397	37	91	125
398	42	90	69
398	33	91	50	f
399	43	88	102
400	43	86	134
401	42	87	124
402	42	87	117
403	41	87	119
404	41	88	120
405	42	88	100
406	44	88	126
407	50	87	166
408	59	84	162
409	66	82	167
410	66	82	159
411	68	82	168
412	72	82	175
413	76	83	166
414	82	83	169
415	82	83	176
416	82	83	170
417	82	84	171
418	82	84	171
419	81	85	162
420	78	86	150
421	77	86	144
422	74	83	165
423	72	80	161
424	68	72	132
425	68	68	107
426	68	66	73
427	68	55	39
428	68	54	59
429	68	51	95
430	68	51	99
431	69	51	111
432	70	48	110
433	72	38	148
434	73	32	151
435	72	31	149
436	72	31	138
437	71	30	162
438	70	24	168
439	64	20	161
440	65	20	144
441	64	21	160
442	64	19	145
443	61	18	138
444	65	16	153
445	68	15	155
446	74	16	159
447	75	16	148
448	75	16	148
449	75	16	157
450	75	16	158
451	75	16	158
452	75	16	153
453	75	16	147
454	76	16	150
455	76	16	156
456	76	16	152
457	76	16	158
458	76	16	156
459	75	16	149
460	75	16	145
461	75	16	147
462	76	15	155
463	76	15	160
464	76	15	160
465	77	15	162
466	77	15	164
467	77	15	170
468	77	15	164
469	77	16	163
470	77	15	165
471	77	15	149
472	78	14	168
473	78	14	175
474	79	14	176
475	77	14	165
476	77	14	158
477	77	15	157
478	76	15	150
479	76	15	148
480	77	14	157
481	77	14	161
482	77	14	159
483	77	14	162
484	77	14	165
485	77	15	159
486	77	15	158
487	77	15	152
488	77	15	151
489	77	15	148
490	76	15	146
491	77	15	159
492	80	14	186
493	81	14	176
494	81	14	177
495	81	14	185
496	83	13	201
497	82	13	196
498	82	14	193
499	82	15	161
500	82	15	169
501	84	17	175
502	84	18	156
503	83	16	124
504	82	17	131
505	82	18	137
506	81	18	139
507	80	19	139
508	81	19	126
509	81	17	102
510	83	18	118
511	85	19	137
512	85	18	138
513	83	16	136
514	84	17	158
515	84	17	139
516	84	17	140
517	87	16	163
518	93	16	157
519	99	18	177
520	106	22	187
521	110	23	153
522	110	23	139
523	112	24	167
524	112	24	164
525	114	27	158
526	114	26	147
527	117	28	156
528	117	28	156
529	116	28	148
530	117	28	147
531	116	28	144
532	116	28	138
533	116	28	141
534	116	28	140
535	116	30	141
536	116	30	140
537	116	30	136
538	116	31	157
539	115	31	161
540	117	27	111
541	117	28	120
542	116	29	142
543	117	30	154
544	117	30	142
545	117	30	146
546	117	30	151
547	118	38	134
548	117	41	171
549	115	49	172
550	115	50	155
551	115	52	158
552	114	61	171
553	114	71	173
554	114	76	170
555	111	85	177
556	105	89	156
557	104	89	136
558	102	90	141
559	97	90	138
560	94	90	133
561	92	90	125
562	90	87	143
563	90	87	132
564	89	87	109
565	87	88	129
566	84	89	156
567	78	90	152
568	60	90	150
569	56	90	151
570	57	90	149
571	56	88	169
572	57	88	167
573	57	88	169
574	57	88	169
575	56	88	161
576	56	88	150
577	55	89	164
578	55	88	152
579	55	88	149
580	55	88	152
581	55	87	154
582	56	87	146
583	56	87	141
584	57	87	141
585	57	87	139
586	56	87	136
587	58	84	146
588	59	83	153
589	60	83	149
590	62	79	126
591	65	71	147
592	67	67	102
593	67	66	92
594	67	66	93
595	67	65	96
596	67	64	80
597	67	65	83
597	61	55	40	f
598	67	65	83
598	61	55	37	f
599	67	64	76
599	68	56	30	f
600	68	54	71
601	67	48	95
602	68	41	124
603	70	36	147
604	71	32	140
605	71	31	136
606	71	31	119
607	71	33	132
608	71	33	121
609	71	34	105
610	71	35	101
611	69	35	139
612	68	34	138
613	66	29	154
614	60	22	162
615	54	18	163
616	49	18	145
617	43	18	110
618	39	20	59
619	39	20	NP
620	39	20	NP
621	39	20	NP
622	39	20	NP
623	19	33	34
624	19	35	70
625	20	39	133
626	22	47	156
627	21	58	156
628	19	65	168
629	16	72	182
630	15	74	186
631	16	76	155
632	16	81	158
633	15	86	167
634	15	86	183
635	15	86	173
636	15	86	176
637	16	85	161
638	15	85	162
639	16	85	154
640	15	87	177
641	14	89	154
642	16	88	144
643	16	86	148
644	15	85	148
645	13	82	157
646	13	83	137
647	13	83	131
648	13	82	148
649	12	83	166
650	14	85	147
651	16	90	140
652	16	89	151
653	16	83	161
654	18	82	158
655	21	81	132
656	25	82	139
657	34	84	146
658	37	86	140
659	40	88	140
660	42	89	132
661	43	90	129
662	40	89	105
663	39	88	111
664	39	88	106
665	38	88	99
666	38	88	108
667	42	87	126
668	43	89	123
669	44	89	141
670	45	89	147
671	46	90	142
672	46	89	146
673	48	88	142
674	53	87	150
675	56	84	147
676	62	81	161
677	63	77	169
678	65	71	154
679	66	71	135
680	67	70	151
681	67	69	155
682	67	70	151
683	67	70	152
684	67	70	148
685	67	70	155
686	68	68	128
687	68	67	102
688	68	66	117
689	69	66	124
690	69	66	140
691	68	67	134
692	68	68	133
693	71	71	145
694	71	72	158
695	71	72	157
696	72	73	172
697	72	74	173
698	71	73	173
699	72	74	166
700	72	74	167
701	72	73	166
702	72	74	169
703	72	74	186
704	72	74	186
705	73	74	175
706	72	74	177
707	72	74	186
708	72	74	174
709	72	75	180
710	74	82	162
711	75	85	158
712	78	88	158
713	83	91	171
714	84	91	157
715	84	91	160
716	84	91	156
717	84	92	146
718	83	91	153
719	86	90	158
720	87	88	154
721	87	88	155
722	87	88	156
723	87	88	157
724	87	88	149
725	87	88	155
726	87	88	149
727	87	88	151
728	86	88	140
729	86	89	142
730	85	90	124
731	87	89	123
732	88	89	131
733	88	90	151
734	85	92	144
735	85	92	140
736	85	91	152
737	85	91	154
738	85	91	153
739	85	91	149
740	84	91	136
741	84	92	153
742	84	92	146
743	84	91	139
744	84	92	154
745	84	92	147
746	84	92	151
747	85	92	141
748	85	91	150
749	85	91	143
750	84	92	143
751	84	92	144
752	84	92	153
753	84	92	149
754	84	92	150
755	84	92	147
756	85	92	141
757	84	92	143
758	84	92	145
759	84	92	144
760	84	92	149
761	84	92	136
762	84	92	141
763	84	92	147
764	84	92	145
765	85	92	144
766	84	92	148
767	84	93	150
768	84	92	149
769	84	92	152
770	84	92	149
771	84	92	148
772	84	92	147
773	84	92	145
774	84	92	146
775	84	92	144
776	84	92	141
777	84	92	144
778	84	92	142
779	84	92	146
780	85	92	145
781	85	92	144
782	85	92	136
783	84	92	140
784	84	92	132
785	85	92	139
786	85	92	139
787	84	92	138
788	84	92	149
789	85	92	148
790	85	92	146
791	85	92	149
792	85	92	146
793	85	92	142
794	85	92	142
795	85	92	136
796	85	92	126
797	85	92	129
798	85	92	135
799	85	92	124
800	85	92	141
801	85	92	143
802	84	92	141
803	84	92	141
804	85	92	145
805	85	93	140
806	85	92	139
807	84	92	149
808	85	92	149
809	84	92	147
810	84	92	145
811	84	92	144
812	84	92	143
813	85	92	138
814	85	92	138
815	85	92	138
816	85	92	138
817	85	92	141
818	85	92	141
819	84	92	143
820	84	92	143
821	84	92	143
822	84	92	143
823	84	92	143
824	84	92	143
825	85	93	140
826	85	93	137
827	85	93	144
828	85	93	146
829	85	93	146
830	85	93	146
831	85	93	145
832	85	93	144
833	85	92	143
834	85	92	142
835	85	92	142
836	85	92	142
837	85	92	141
838	85	92	141
839	85	92	142
840	85	92	143
841	85	93	142
842	85	92	131
843	86	93	126
844	85	93	134
845	85	93	133
846	85	93	133
847	85	93	140
848	85	93	138
849	85	92	140
850	85	92	130
851	85	92	142
852	85	92	147
853	85	92	148
854	85	93	143
855	85	93	149
856	85	93	141
857	85	93	138
858	85	92	138
859	85	93	142
860	85	93	138
861	85	93	142
862	85	93	138
863	85	93	138
864	85	93	139
865	85	93	140
866	85	93	141
867	85	93	140
868	85	93	142
869	85	93	141
870	85	93	142
871	85	93	139
872	85	93	138
873	85	93	143
874	85	93	138
875	85	93	141
876	85	93	142
877	85	93	138
878	87	92	135
879	86	92	137
880	86	93	136
881	86	92	138
882	86	93	135
883	86	93	150
884	86	93	154
885	86	93	141
886	86	93	145
887	86	93	147
888	86	92	151
889	86	92	146
890	85	92	152
891	85	92	156
892	85	90	167
893	85	89	172
894	85	90	156
895	85	89	181
896	83	88	188
897	82	87	201
898	82	87	198
899	82	87	199
900	82	87	200
901	83	87	172
902	83	88	159
903	83	88	162
904	83	88	163
905	83	88	167
906	83	88	169
907	82	89	170
908	82	90	166
909	82	91	166
910	81	90	156
911	75	89	173
912	60	88	163
913	55	89	165
914	53	89	152
915	52	89	151
916	51	90	172
917	51	90	164
918	51	90	161
919	52	89	152
920	52	89	144
921	52	89	161
922	51	88	166
923	51	88	154
924	53	89	153
925	50	88	166
926	48	87	167
927	48	86	164
928	49	87	153
929	49	87	151
930	49	87	152
931	48	87	148
932	48	87	134
933	49	87	114
934	49	86	160
935	52	84	174
936	53	83	158
937	56	83	159
938	60	80	164
939	69	72	168
940	70	70	146
941	70	70	142
942	70	70	141
943	70	68	125
944	70	66	95
945	70	65	87
945	68	57	31	f
946	70	65	94
947	70	65	81
948	70	65	83
949	70	65	81
950	70	65	76
951	68	55	61
951	69	63	42	f
952	69	52	98
953	70	47	141
954	71	38	161
955	73	35	152
956	72	32	159
957	71	29	151
958	70	22	173
959	68	18	177
960	68	18	129
960	58	13	32	f
961	64	15	176
962	64	16	165
963	64	15	168
964	64	17	176
965	64	17	184
966	64	17	183
967	65	16	152
968	66	17	87
968	58	12	66	f
969	62	15	148
970	62	15	146
971	62	17	151
972	64	18	149
973	66	18	132
974	69	14	140
975	72	12	165
976	74	12	184
977	74	13	169
978	72	13	148
979	70	13	137
980	71	14	154
981	72	14	155
982	72	14	148
983	72	14	152
984	72	13	159
985	73	13	168
986	73	13	165
987	73	14	164
988	73	13	163
989	73	14	162
990	73	14	162
991	72	13	154
992	73	13	160
993	73	13	165
994	73	13	163
995	73	13	163
996	71	13	152
997	72	14	159
998	75	17	151
999	77	17	138
1000	76	17	135
1001	76	18	138
1002	76	18	139
1003	75	18	138
1004	75	18	137
1005	75	18	158
1006	75	18	154
1007	75	18	147
1008	74	15	130
1009	76	16	138
1010	78	15	165
1011	84	16	153
1012	94	17	168
1013	102	21	174
1014	103	21	176
1015	104	21	170
1016	113	25	147
1017	113	24	144
1018	114	25	164
1019	115	24	160
1020	115	24	164
1021	115	24	153
1022	116	24	154
1023	116	23	151
1024	118	23	153
1025	118	23	153
1026	117	24	125
1027	116	27	149
1028	116	30	165
1029	116	44	167
1030	114	63	190
1031	113	76	179
1032	105	87	145
1033	104	86	142
1034	104	86	140
1035	101	86	159
1036	94	90	168
1037	85	90	145
1038	74	89	165
1039	69	84	178
1040	69	84	173
1041	69	78	169
1042	69	72	171
1043	69	72	155
1044	67	71	168
1045	67	71	167
1046	68	72	151
1047	69	71	159
1048	70	71	167
1049	69	71	160
1050	69	71	159
1051	69	71	163
1052	69	71	155
1053	70	69	132
1054	70	67	124
1055	70	67	111
1056	69	67	112
1057	69	67	111
1058	70	67	120
1059	70	67	114
1060	70	67	113
1061	70	67	113
1062	70	67	113
1063	70	67	113
1064	70	67	113
1065	70	67	114
1066	70	67	110
1067	70	67	106
1068	70	65	85
1069	69	66	93
1070	70	66	90
1071	69	66	93
1072	69	66	91
1073	70	66	85
1073	69	57	37	f
1074	70	65	86
1074	69	56	38	f
1075	70	66	86
1075	70	56	41	f
1076	70	66	88
1076	68	56	39	f
1077	70	65	86
1077	68	56	41	f
1078	70	65	82
1078	68	56	46	f
1079	70	65	81
1079	68	56	49	f
1080	70	65	83
1080	68	56	46	f
1081	70	65	83
1081	68	56	45	f
1082	70	65	83
1082	68	56	45	f
1083	70	65	83
1083	68	56	44	f
1084	70	65	89
1085	70	65	86
1086	70	66	90
1087	70	65	86
1088	70	65	81
1088	68	56	37	f
1089	70	65	80
1089	69	56	37	f
1090	69	65	84
1090	71	57	31	f
1091	70	65	77
1091	72	57	40	f
1092	70	65	79
1093	69	65	85
1093	72	57	39	f
1094	69	65	84
1094	72	57	37	f
1095	69	65	84
1095	72	56	40	f
1096	70	65	79
1096	72	57	43	f
1097	69	65	85
1097	72	57	42	f
1098	69	65	87
1098	72	56	45	f
1099	69	65	87
1099	71	56	44	f
1100	69	65	87
1100	71	56	41	f
1101	70	65	83
1101	71	56	41	f
1102	70	65	88
1102	70	56	35	f
1103	70	65	81
1103	70	56	38	f
1104	70	65	84
1104	71	56	41	f
1105	70	65	83
1105	71	56	41	f
1106	69	65	88
1106	71	56	49	f
1107	70	65	80
1107	71	55	59	f
1108	70	65	79
1108	71	54	74	f
1109	70	65	81
1109	71	55	68	f
1110	70	65	80
1110	70	54	70	f
1111	70	65	80
1111	70	54	70	f
1112	70	65	80
1112	70	54	73	f
1113	70	65	80
1113	70	54	70	f
1114	70	65	80
1114	70	54	70	f
1115	70	65	81
1115	70	55	58	f
1116	70	65	79
1116	70	55	63	f
1117	70	65	80
1117	71	55	58	f
1118	70	65	80
1118	71	55	61	f
1119	70	65	82
1119	71	55	66	f
1120	70	65	80
1120	71	54	67	f
1121	71	53	92
1121	70	64	64	f
1122	72	51	122
1122	69	63	34	f
1123	71	51	139
1124	70	51	145
1125	70	48	150
1126	69	45	149
1127	68	43	155
1128	67	43	151
1129	67	43	148
1130	68	44	132
1131	68	41	119
1132	66	36	100
1132	60	28	34	f
1133	66	35	99
1134	61	26	160
1135	60	21	154
1136	56	17	147
1137	57	17	147
1138	57	17	147
1139	57	18	141
1140	58	17	134
1141	58	18	122
1142	58	18	124
1143	58	18	121
1144	58	18	108
1145	59	18	122
1146	58	18	123
1147	57	17	141
1148	57	19	152
1149	57	20	152
1150	56	19	149
1151	55	19	153
1152	55	18	157
1153	55	19	144
1154	55	19	159
1155	54	19	154
1156	54	19	150
1157	55	19	159
1158	55	19	155
1159	56	19	141
1160	55	19	137
1161	55	19	136
1162	55	19	138
1163	55	19	138
1164	55	19	140
1165	55	18	140
1166	55	19	140
1167	55	19	143
1168	55	19	142
1169	55	19	139
1170	54	19	145
1171	55	19	141
1172	55	19	142
1173	54	19	147
1174	54	19	145
1175	55	19	145
1176	55	18	141
1177	54	19	152
1178	54	19	155
1179	54	19	149
1180	55	19	144
1181	54	19	145
1182	54	19	145
1183	54	19	149
1184	55	19	159
1185	54	18	154
1186	54	19	159
1187	51	20	149
1188	50	20	154
1189	48	20	159
1190	43	21	124
1191	41	22	98
1192	39	22	59
1192	26	17	50	f
1193	28	17	118
1194	23	17	123
1195	21	15	152
1196	21	15	155
1197	21	15	155
1198	22	17	143
1199	22	19	143
1200	21	20	73
1201	16	33	56
1201	18	22	36	f
1202	16	40	166
1203	13	55	180
1204	13	68	172
1205	14	73	182
1206	18	76	168
1207	27	84	149
1208	30	86	105
1209	29	86	85
1210	34	87	141
1211	39	89	145
1212	42	90	139
1213	45	87	139
1214	54	85	150
1215	55	84	165
1216	61	84	158
1217	67	81	174
1218	68	80	152
1219	68	73	161
1220	68	71	145
1221	69	72	150
1222	69	71	150
1223	69	71	153
1224	69	71	150
1225	69	71	156
1226	69	70	150
1227	69	70	149
1228	69	70	151
1229	69	70	145
1230	69	71	144
1231	69	70	150
1232	69	70	147
1233	69	71	142
1234	69	70	140
1235	69	69	129
1236	69	69	129
1237	69	67	117
1238	70	67	121
1239	70	67	134
1240	68	68	131
1241	69	69	129
1242	70	70	148
1243	71	74	162
1244	72	76	147
1245	72	80	160
1246	72	81	173
1247	76	84	159
1248	79	88	145
1249	83	87	167
1250	84	88	147
1251	85	87	146
1252	86	87	144
1253	89	88	142
1254	88	89	140
1255	86	90	150
1256	83	92	142
1257	82	93	136
1258	82	92	146
1259	81	92	133
1260	82	92	151
1261	82	92	149
1262	82	92	142
1263	82	92	149
1264	82	92	153
1265	82	92	151
1266	82	93	145
1267	83	93	148
1268	82	93	148
1269	83	93	146
1270	82	92	156
1271	81	92	156
1272	78	93	161
1273	77	92	153
1274	66	92	156
1275	59	91	162
1276	56	89	161
1277	52	88	162
1278	50	86	149
1279	48	85	149
1280	48	85	150
1281	48	85	150
1282	48	85	145
1283	48	85	151
1284	48	85	153
1285	49	86	150
1286	48	87	139
1287	48	86	138
1288	48	86	138
1289	49	86	134
1290	49	87	128
1291	49	86	131
1292	48	87	132
1293	49	86	151
1294	49	86	141
1295	50	86	138
1296	51	87	143
1297	53	85	164
1298	53	84	173
1299	54	85	169
1300	53	86	156
1301	53	86	146
1302	50	88	152
1303	49	87	165
1304	48	86	164
1305	50	87	144
1306	50	87	147
1307	50	87	143
1308	50	87	145
1309	51	85	156
1310	52	84	152
1311	52	84	149
1312	52	84	152
1313	55	83	139
1314	62	82	155
1315	64	81	161
1316	68	78	158
1317	69	79	140
1318	69	79	142
1319	69	79	144
1320	69	79	143
1321	71	80	170
1322	71	80	182
1323	71	80	182
1324	71	80	169
1325	70	80	166
1326	71	80	166
1327	70	80	167
1328	71	80	166
1329	72	80	176
1330	72	80	171
1331	73	80	166
1332	71	80	159
1333	69	80	136
1334	69	78	132
1335	67	79	140
1336	67	78	144
1337	66	72	160
1338	68	70	122
1339	67	68	120
1340	68	68	117
1341	67	68	118
1342	67	68	118
1343	68	68	106
1344	68	67	102
1345	68	67	111
1346	68	67	104
1347	68	67	110
1348	68	67	111
1349	68	67	103
1350	67	68	114
1351	68	68	111
1352	67	68	109
1353	67	67	114
1354	67	67	115
1355	68	68	115
1356	67	68	124
1357	67	67	127
1358	67	67	128
1359	67	68	133
1360	67	68	136
1361	67	69	126
1362	67	69	122
1363	67	68	130
1364	68	66	115
1365	68	66	109
1366	68	66	111
1367	68	66	110
1368	69	66	108
1369	68	66	97
1370	68	66	112
1371	68	66	109
1372	68	67	108
1373	68	67	108
1374	68	67	108
1375	68	67	106
1376	68	67	113
1377	68	67	106
1377	69	57	31	f
1378	69	67	103
1378	69	57	34	f
1379	69	67	105
1379	69	57	33	f
1380	69	66	102
1380	69	57	32	f
1381	68	67	113
1382	68	66	122
1383	68	66	128
1384	68	66	134
1385	68	66	135
1386	68	66	128
1387	68	66	127
1388	68	66	126
1389	67	67	114
1390	68	66	109
1391	68	66	110
1392	68	66	110
1393	68	66	111
1394	68	66	111
1395	68	66	111
1396	68	67	110
1397	68	66	112
1398	68	67	111
1399	67	67	120
1400	68	67	119
1401	68	67	120
1402	68	67	115
1403	68	67	112
1404	68	67	114
1405	68	67	112
1406	68	67	108
1407	68	67	106
1408	68	67	106
1409	68	67	104
1410	68	67	104
1411	68	66	104
1412	68	66	122
1413	68	66	117
1414	68	67	115
1415	68	67	116
1416	69	67	112
1417	69	66	91
1418	70	66	99
1419	70	64	77
1420	69	64	86
1421	69	64	90
1422	69	64	100
1423	70	64	74
1424	70	64	67
1425	70	64	60
1426	70	64	58
1426	68	56	40	f
1427	70	64	58
1427	68	57	34	f
1427	62	53	44	f
1428	70	64	54
1428	68	57	34	f
1428	62	54	36	f
1429	68	64	97
1430	68	66	111
1431	66	69	145
1432	66	75	151
1433	68	79	155
1434	70	80	157
1435	74	82	154
1436	81	85	159
1437	84	88	141
1438	85	88	140
1439	86	88	149
1440	86	88	143
1441	86	88	144
1442	87	89	144
1443	86	89	151
1444	86	89	143
1445	85	87	137
1446	85	87	138
1447	85	87	140
1448	86	87	141
1449	86	87	140
1450	85	87	143
1451	86	87	147
1452	86	86	140
1453	86	86	135
1454	86	86	135
1455	86	86	139
1456	85	87	131
1457	85	87	126
1458	86	87	131
1459	86	87	129
1460	86	87	133
1461	84	87	115
1462	86	88	134
1463	88	89	126
1464	89	88	121
1465	89	88	126
1466	89	88	132
1467	88	89	141
1468	86	91	144
1469	84	93	153
1470	84	93	145
1471	81	92	156
1472	74	91	157
1473	66	87	165
1474	65	88	151
1475	64	87	162
1476	60	86	149
1477	60	87	146
1478	54	89	164
1479	50	90	158
1480	49	91	160
1481	50	90	157
1482	50	90	150
1483	51	89	147
1484	51	88	147
1485	50	87	139
1486	48	88	121
1487	49	88	132
1488	55	88	150
1489	52	89	163
1490	51	89	158
1491	51	89	165
1492	51	88	159
1493	50	87	157
1494	51	87	161
1495	50	86	183
1496	50	86	183
1497	50	86	180
1498	51	87	167
1499	50	87	162
1500	50	86	161
1501	51	87	165
1502	49	88	165
1503	47	89	145
1504	50	89	162
1505	52	89	161
1506	57	92	152
1507	59	91	157
1508	58	91	157
1509	60	91	169
1510	60	91	171
1511	60	91	168
1512	60	91	167
1513	60	91	165
1514	60	91	164
1515	60	91	166
1516	60	90	168
1517	59	91	155
1518	59	91	158
1519	59	91	164
1520	60	91	166
1521	60	91	166
1522	60	90	169
1523	60	90	170
1524	60	90	169
1525	59	91	161
1526	59	90	160
1527	60	88	150
1528	63	81	154
1529	65	70	137
1530	65	66	102
1531	65	64	67
1532	62	54	39
1533	65	49	107
1534	64	48	112
1535	64	32	140
1536	63	23	153
1537	61	19	145
1538	59	19	157
1539	59	19	155
1540	59	19	157
1541	59	18	154
1542	59	19	152
1543	59	19	160
1544	59	19	158
1545	59	19	158
1546	59	19	160
1547	59	18	165
1548	59	18	159
1549	59	18	163
1550	59	18	163
1551	60	20	151
1552	59	20	155
1553	59	19	156
1554	59	19	156
1555	59	19	161
1556	59	19	150
1557	58	18	160
1558	57	18	159
1559	57	18	166
1560	56	17	168
1561	54	16	150
1562	55	16	146
1563	54	16	148
1564	54	16	155
1565	54	16	161
1566	52	16	156
1567	51	15	137
1568	51	15	141
1569	51	15	155
1570	50	16	148
1571	49	16	163
1572	50	16	175
1573	48	16	184
1574	48	16	183
1575	48	15	180
1576	48	15	180
1577	50	16	158
1578	50	16	158
1579	49	15	155
1580	49	15	149
1581	47	16	147
1582	46	17	138
1583	45	17	133
1584	45	17	125
1585	44	18	140
1586	44	18	136
1587	44	18	139
1588	44	18	138
1589	44	18	138
1590	46	17	130
1591	46	17	129
1592	46	17	129
1593	46	17	129
1594	46	17	132
1595	46	17	129
1596	46	17	132
1597	46	17	132
1598	46	17	129
1599	46	17	132
1600	46	17	133
1601	46	17	132
1602	46	17	133
1603	46	17	131
1604	45	17	135
1605	45	17	138
1606	45	17	133
1607	45	17	132
1608	45	17	133
1609	45	17	135
1610	46	17	128
1611	45	17	139
1612	46	17	130
1613	46	17	128
1614	45	18	148
1615	45	18	150
1616	45	18	153
1617	45	18	153
1618	47	17	146
1619	49	17	138
1620	49	17	126
1621	49	17	130
1622	50	16	128
1623	50	17	134
1624	50	16	121
1625	49	16	134
1626	49	15	136
1627	50	15	145
1628	50	15	161
1629	51	16	159
1630	50	16	144
1631	50	14	155
1632	51	14	169
1633	52	13	151
1634	60	14	163
1635	63	15	167
1636	67	18	155
1637	67	18	152
1638	72	16	173
1639	72	15	183
1640	72	16	174
1641	72	17	174
1642	73	16	189
1643	70	17	161
1644	69	17	164
1645	68	16	154
1646	66	13	155
1647	66	13	154
1648	65	13	156
1649	61	13	162
1650	58	12	167
1651	57	13	188
1652	57	13	166
1653	61	14	147
1654	61	13	152
1655	62	14	157
1656	61	14	160
1657	62	13	154
1658	62	13	147
1659	63	13	138
1660	62	14	147
1661	62	13	155
1662	62	13	162
1663	61	13	166
1664	61	13	166
1665	61	13	166
1666	61	13	165
1667	60	13	165
1668	60	13	159
1669	60	14	164
1670	59	14	164
1671	60	14	166
1672	58	14	162
1673	57	14	159
1674	56	14	152
1675	56	14	158
1676	57	14	150
1677	58	14	142
1678	59	14	129
1679	60	14	129
1680	62	15	134
1681	61	16	149
1682	60	17	156
1683	61	16	151
1684	59	18	133
1685	59	18	133
1686	58	18	123
1687	58	18	122
1688	58	17	114
1689	60	18	147
1690	62	18	152
1691	67	22	165
1692	69	24	141
1693	69	24	144
1694	69	27	156
1695	71	34	153
1696	69	49	158
1697	69	50	121
1698	70	51	134
1699	69	51	131
1700	69	53	87
1701	69	53	81
1702	69	52	84
1703	69	53	82
1704	69	52	93
1705	70	53	96
1706	69	53	94
1707	70	53	93
1707	61	56	32	f
1708	70	53	90
1708	61	53	32	f
1709	70	53	85
1709	62	52	38	f
1710	70	53	87
1710	61	52	39	f
1711	70	53	90
1711	61	55	37	f
1712	70	54	89
1712	61	56	37	f
1713	70	54	91
1713	62	56	36	f
1714	70	54	89
1714	61	57	33	f
1715	70	54	84
1715	61	56	36	f
1716	70	53	84
1716	62	56	32	f
1717	70	53	84
1717	62	56	36	f
1718	70	53	79
1718	62	56	31	f
1719	70	53	96
1720	70	53	101
1721	70	53	106
1722	70	53	104
1722	61	53	34	f
1723	64	51	119
1724	64	51	109
1725	64	51	107
1726	67	48	64
1726	61	54	61	f
1727	68	48	79
1727	61	53	46	f
1728	66	50	122
1729	66	51	120
1730	66	50	119
1731	66	51	120
1732	66	51	120
1733	65	51	117
1734	65	51	114
1735	67	48	69
1735	61	53	32	f
1736	64	51	107
1737	64	47	111
1738	65	43	122
1739	68	38	123
1740	68	36	136
1741	68	34	148
1742	68	34	146
1743	69	35	137
1744	65	28	138
1745	61	24	143
1746	56	20	155
1747	54	19	143
1748	50	20	147
1749	46	20	136
1750	42	21	113
1751	42	21	NP
1752	42	21	NP
1753	42	21	NP
1754	42	21	NP
1755	42	21	NP
1756	42	21	NP
1757	42	21	NP
1758	42	21	NP
1759	20	36	78
1760	21	43	156
1761	22	55	151
1762	22	66	157
1763	22	76	152
1764	24	82	159
1765	29	89	122
1766	30	89	100
1767	33	90	138
1768	43	90	84
1768	33	91	48	f
1769	42	90	126
1770	49	86	146
1771	57	83	157
1772	62	82	162
1773	67	81	167
1774	67	80	164
1775	67	80	161
1776	68	81	162
1777	68	81	157
1778	68	81	159
1779	68	81	160
1780	68	81	158
1781	68	78	158
1782	71	72	158
1783	70	72	146
1784	71	68	131
1785	71	67	110
1786	71	67	118
1787	71	67	123
1788	72	67	121
1789	72	67	119
1790	71	67	119
1791	71	67	120
1792	71	67	119
1793	71	67	119
1794	71	67	108
1795	72	67	114
1796	72	67	121
1797	71	67	122
1798	72	67	123
1799	71	67	118
1800	71	67	118
1801	71	67	110
1802	71	67	113
1803	71	67	119
1804	71	67	118
1805	71	67	121
1806	71	67	118
1807	71	67	120
1808	71	67	119
1809	71	67	123
1810	71	67	121
1811	71	67	122
1812	71	67	119
1813	71	67	117
1814	71	67	115
1815	71	67	111
1816	71	67	115
1817	71	67	123
1818	69	68	159
1819	70	67	152
1820	69	66	120
1821	69	65	119
1822	68	66	129
1823	67	69	159
1824	64	75	134
1825	64	78	151
1826	63	81	138
1827	63	83	160
1828	58	89	171
1829	53	92	167
1830	52	92	152
1831	52	92	157
1832	52	92	164
1833	53	92	149
1834	53	91	143
1835	53	91	146
1836	53	91	145
1837	53	91	144
1838	52	91	151
1839	51	91	145
1840	51	91	148
1841	52	91	149
1842	50	91	139
1843	50	90	161
1844	47	88	140
1845	48	87	144
1846	50	86	162
1847	53	82	157
1848	53	83	148
1849	55	82	166
1850	55	82	164
1851	59	82	157
1852	62	80	166
1853	65	76	166
1854	68	73	159
1855	69	71	158
1856	70	70	125
1857	70	69	128
1858	70	69	129
1859	70	67	111
1860	69	67	100
1861	70	67	115
1862	69	67	108
1863	70	67	116
1864	70	67	117
1865	70	67	113
1866	70	67	110
1867	70	67	110
1868	70	67	108
1869	70	67	108
1870	70	67	115
1871	70	66	115
1872	70	66	109
1873	70	66	114
1874	70	66	119
1875	70	66	120
1876	69	67	117
1877	69	67	102
1878	69	67	110
1879	69	67	110
1880	69	67	113
1881	69	67	110
1882	69	66	123
1883	69	67	130
1884	69	67	130
1885	69	67	133
1886	69	67	130
1887	69	67	106
1888	69	67	109
1889	69	67	112
1890	69	67	112
1891	69	67	111
1892	69	67	111
1893	69	67	109
1894	69	67	111
1895	69	67	113
1896	69	67	114
1897	69	67	115
1898	69	67	107
1899	69	67	104
1900	69	67	107
1901	70	67	113
1902	69	67	109
1903	69	67	117
1904	69	67	115
1905	69	67	118
1906	69	67	115
1907	69	67	118
1908	69	68	117
1909	68	67	126
1910	68	67	136
1911	68	67	142
1912	69	68	123
1913	69	68	120
1914	69	67	115
1915	69	67	116
1916	69	67	114
1917	70	67	112
1918	69	67	113
1919	69	67	109
1920	69	67	108
1921	70	67	103
1922	69	67	109
1923	69	67	113
1924	69	67	110
1925	69	67	111
1926	69	67	106
1927	69	67	106
1928	69	67	106
1929	69	67	106
1930	69	66	115
1931	69	66	120
1932	68	66	114
1933	69	67	118
1934	68	67	128
1935	69	68	140
1936	70	67	133
1937	68	67	142
1938	69	68	147
1939	71	70	167
1940	72	74	158
1941	72	79	168
1942	71	81	173
1943	72	84	165
1944	73	84	169
1945	75	86	184
1946	77	87	178
1947	81	89	163
1948	84	87	150
1949	84	87	147
1950	84	88	150
1951	84	88	151
1952	83	88	143
1953	80	88	151
1954	81	87	158
1955	81	88	156
1956	81	88	161
1957	81	88	154
1958	81	88	148
1959	81	88	148
1960	79	88	152
1961	84	90	159
1962	86	89	142
1963	86	90	140
1964	85	91	142
1965	83	91	151
1966	82	92	137
1967	81	91	147
1968	81	90	156
1969	81	88	177
1970	81	88	174
1971	81	88	179
1972	81	88	179
1973	81	88	183
1974	81	89	162
1975	80	89	148
1976	80	89	151
1977	81	89	144
1978	80	89	155
1979	80	89	159
1980	78	90	165
1981	76	90	148
1982	75	89	156
1983	72	86	169
1984	68	83	168
1985	67	81	153
1986	67	80	148
1987	67	80	151
1988	67	80	151
1989	67	80	149
1990	67	81	142
1991	67	80	148
1992	67	80	148
1993	67	80	149
1994	67	81	143
1995	67	81	149
1996	67	81	148
1997	67	81	145
1998	67	81	147
1999	67	81	147
2000	67	82	143
2001	66	83	153
2002	61	84	146
2003	59	86	145
2004	57	87	137
2005	57	87	139
2006	57	88	140
2007	56	88	157
2008	53	90	157
2009	50	91	145
2010	48	90	147
2011	46	89	138
2012	46	88	137
2013	47	88	137
2014	47	88	135
2015	47	88	142
2016	48	88	145
2017	48	88	144
2018	47	88	147
2019	48	88	150
2020	47	88	149
2021	47	88	147
2022	47	88	149
2023	47	88	147
2024	47	88	146
2025	47	88	147
2026	47	88	147
2027	47	88	146
2028	47	88	146
2029	47	88	146
2030	48	88	143
2031	47	88	146
2032	48	88	143
2033	48	88	143
2034	48	88	143
2035	48	88	143
2036	47	88	146
2037	47	88	146
2038	47	88	146
2039	47	88	146
2040	47	88	146
2041	47	88	147
2042	47	87	146
2043	47	86	145
2044	47	86	147
2045	47	86	146
2046	47	86	152
2047	47	86	153
2048	48	85	151
2049	50	83	148
2050	49	83	155
2051	51	83	151
2052	52	83	150
2053	51	83	145
2054	51	83	146
2055	52	83	150
2056	52	83	150
2057	52	83	145
2058	52	83	146
2059	52	83	149
2060	51	83	148
2061	52	83	141
2062	51	83	139
2063	51	83	137
2064	51	83	138
2065	51	83	140
2066	52	83	144
2067	52	83	143
2068	52	83	147
2069	52	83	148
2070	52	83	148
2071	53	83	153
2072	52	83	147
2073	52	83	150
2074	52	83	150
2075	52	83	150
2076	52	83	145
2077	52	83	145
2078	52	83	145
2079	52	83	149
2080	52	83	146
2081	52	83	148
2082	53	83	149
2083	53	83	149
2084	52	83	151
2085	52	83	151
2086	52	83	151
2087	52	83	151
2088	52	83	151
2089	52	83	151
2090	53	83	150
2091	52	83	152
2092	52	83	143
2093	52	83	138
2094	51	83	134
2095	51	83	129
2096	52	83	149
2097	52	83	143
2098	52	83	139
2099	52	83	144
2100	52	83	154
2101	53	83	155
2102	53	83	158
2103	53	83	166
2104	53	83	171
2105	53	83	159
2106	53	83	162
2107	53	83	161
2108	52	83	159
2109	52	83	158
2110	52	83	154
2111	52	83	157
2112	53	83	157
2113	52	83	157
2114	52	83	155
2115	53	83	161
2116	53	83	161
2117	53	83	163
2118	53	83	165
2119	53	83	169
2120	52	83	155
2121	52	83	147
2122	52	83	143
2123	52	83	146
2124	52	83	147
2125	52	83	147
2126	52	83	144
2127	52	83	147
2128	52	83	144
2129	52	83	150
2130	52	83	147
2131	52	83	147
2132	52	83	144
2133	52	83	142
2134	52	83	144
2135	52	83	151
2136	52	83	150
2137	52	83	151
2138	52	83	145
2139	52	83	147
2140	52	83	148
2141	52	83	148
2142	52	83	148
2143	52	83	145
2144	52	83	146
2145	51	83	145
2146	51	83	143
2147	51	83	144
2148	51	83	142
2149	52	83	148
2150	52	83	146
2151	52	83	148
2152	52	83	147
2153	52	83	147
2154	52	83	148
2155	52	83	151
2156	52	83	152
2157	52	83	152
2158	51	83	149
2159	51	83	148
2160	51	83	145
2161	51	83	145
2162	51	83	146
2163	51	83	147
2164	51	83	150
2165	51	83	149
2166	51	83	148
2167	52	83	153
2168	51	83	147
2169	51	83	150
2170	51	83	147
2171	51	83	148
2172	51	83	148
2173	51	83	152
2174	51	83	151
2175	51	83	151
2176	51	83	151
2177	51	83	148
2178	51	83	149
2179	51	83	147
2180	51	83	146
2181	51	83	146
2182	51	83	146
2183	51	83	147
2184	51	83	146
2185	51	83	146
2186	51	83	146
2187	51	83	146
2188	51	83	146
2189	51	83	146
2190	51	83	144
2191	51	83	143
2192	51	83	144
2193	51	83	146
2194	51	83	148
2195	51	83	145
2196	51	83	147
2197	51	83	145
2198	51	83	147
2199	51	83	148
2200	51	83	151
2201	51	83	147
2202	51	83	147
2203	51	83	152
2204	51	83	149
2205	51	83	152
2206	51	83	155
2207	51	83	151
2208	51	83	151
2209	51	83	151
2210	51	83	154
2211	51	83	150
2212	51	83	152
2213	51	83	150
2214	51	83	150
2215	51	83	151
2216	51	83	150
2217	51	83	151
2218	51	83	151
2219	51	83	151
2220	51	83	151
2221	51	83	150
2222	51	83	151
2223	51	83	152
2224	51	83	151
2225	51	83	150
2226	51	83	150
2227	51	83	150
2228	51	83	150
2229	51	83	151
2230	51	83	151
2231	51	83	150
2232	51	83	150
2233	51	83	150
2234	51	83	150
2235	51	83	149
2236	51	83	148
2237	51	83	149
2238	51	83	149
2239	51	83	150
2240	51	83	149
2241	51	83	150
2242	51	83	150
2243	51	83	149
2244	51	83	149
2245	51	83	149
2246	51	83	150
2247	51	83	147
2248	51	83	145
2249	51	83	145
2250	51	83	146
2251	51	83	146
2252	51	83	146
2253	51	83	146
2254	51	83	144
2255	51	83	142
2256	51	83	145
2257	51	83	146
2258	51	83	148
2259	51	83	148
2260	51	83	149
2261	51	83	149
2262	51	83	147
2263	51	83	146
2264	51	83	150
2265	51	83	150
2266	51	83	148
2267	51	83	151
2268	51	83	148
2269	51	83	148
2270	51	83	147
2271	51	83	148
2272	51	83	148
2273	51	83	150
2274	51	83	151
2275	51	83	150
2276	51	83	148
2277	51	83	147
2278	51	83	147
2279	51	83	148
2280	51	83	147
2281	51	83	147
2282	51	83	148
2283	51	83	148
2284	51	83	147
2285	51	83	147
2286	51	83	148
2287	51	83	148
2288	51	83	147
2289	51	83	148
2290	51	83	146
2291	51	83	147
2292	51	83	147
2293	51	83	147
2294	51	83	148
2295	51	83	148
2296	51	83	147
2297	51	83	147
2298	51	83	147
2299	51	83	147
2300	51	83	146
2301	51	83	147
2302	51	83	146
2303	51	83	146
2304	51	83	146
2305	51	83	146
2306	51	83	146
2307	51	83	145
2308	51	83	144
2309	51	83	143
2310	51	83	144
2311	51	83	143
2312	51	83	143
2313	51	83	143
2314	51	83	144
2315	51	83	144
2316	51	83	148
2317	51	83	148
2318	51	83	148
2319	51	83	148
2320	51	83	149
2321	51	83	149
2322	51	83	150
2323	51	83	150
2324	51	83	151
2325	51	83	151
2326	51	83	151
2327	51	83	151
2328	51	83	153
2329	51	83	151
2330	51	83	150
2331	51	83	152
2332	51	83	151
2333	51	83	150
2334	51	83	150
2335	51	83	152
2336	51	83	151
2337	51	83	151
2338	51	83	152
2339	51	83	148
2340	51	83	152
2341	51	83	147
2342	51	83	148
2343	51	83	147
2344	51	83	147
2345	51	83	147
2346	51	83	146
2347	51	83	147
2348	51	83	146
2349	51	83	147
2350	51	83	145
2351	51	83	146
2352	51	83	146
2353	51	83	147
2354	51	83	140
2355	51	83	137
2356	51	83	141
2357	51	83	142
2358	51	83	141
2359	51	83	138
2360	51	83	138
2361	51	83	138
2362	51	83	139
2363	51	83	139
2364	51	83	139
2365	51	83	139
2366	51	83	139
2367	51	83	139
2368	51	83	138
2369	51	83	138
2370	51	83	138
2371	51	83	138
2372	51	83	138
2373	51	83	138
2374	51	83	139
2375	51	83	138
2376	51	83	139
2377	51	83	139
2378	51	83	139
2379	51	83	139
2380	51	83	139
2381	51	83	139
2382	51	83	139
2383	51	83	137
2384	51	83	138
2385	51	83	138
2386	51	83	139
2387	51	83	139
2388	51	83	139
2389	51	83	139
2390	51	83	140
2391	51	83	140
2392	51	83	143
2393	51	83	142
2394	51	83	139
2395	51	83	142
2396	51	83	143
2397	51	83	144
2398	51	83	148
2399	51	83	147
2400	51	83	149
2401	51	83	148
2402	51	83	149
2403	51	83	148
2404	51	83	150
2405	51	83	148
2406	51	83	150
2407	51	83	149
2408	51	83	145
2409	51	83	151
2410	51	83	150
2411	51	83	149
2412	51	83	150
2413	51	83	148
2414	51	83	147
2415	51	83	150
2416	51	83	150
2417	51	83	150
2418	51	83	150
2419	51	83	150
2420	51	83	147
2421	51	83	147
2422	51	83	149
2423	51	83	150
2424	51	83	149
2425	51	83	149
2426	51	83	148
2427	51	83	148
2428	51	83	148
2429	51	83	148
2430	51	83	143
2431	51	83	143
2432	51	83	143
2433	51	83	143
2434	51	83	146
2435	51	83	146
2436	51	83	146
2437	51	83	137
2438	51	83	132
2439	51	83	138
2440	51	83	143
2441	51	83	142
2442	51	83	144
2443	51	83	143
2444	51	83	143
2445	51	83	143
2446	51	83	143
2447	51	83	144
2448	51	83	144
2449	51	83	144
2450	51	83	144
2451	51	83	144
2452	51	83	143
2453	51	83	146
2454	51	83	145
2455	51	83	145
2456	51	83	145
2457	51	83	145
2458	51	83	145
2459	51	83	145
2460	51	83	145
2461	51	83	145
2462	51	83	145
2463	51	83	145
2464	51	83	145
2465	51	83	145
2466	51	83	145
2467	51	83	146
2468	51	83	144
2469	51	83	147
2470	51	83	143
2471	51	83	144
2472	51	83	145
2473	51	83	146
2474	51	83	144
2475	51	83	146
2476	51	83	143
2477	51	83	145
2478	51	83	143
2479	51	83	143
2480	51	83	145
2481	51	83	143
2482	51	83	145
2483	51	83	145
2484	51	83	143
2485	51	83	143
2486	51	83	144
2487	51	83	141
2488	51	83	141
2489	51	83	143
2490	51	83	143
2491	51	83	143
2492	51	83	143
2493	51	83	142
2494	51	83	142
2495	51	83	143
2496	51	83	143
2497	51	83	142
2498	51	83	143
2499	51	83	142
2500	51	83	142
2501	51	83	143
2502	51	83	143
2503	51	83	143
2504	51	83	143
2505	51	83	143
2506	51	83	143
2507	51	83	144
2508	51	83	143
2509	51	83	142
2510	51	83	143
2511	51	83	140
2512	51	83	140
2513	51	83	138
2514	51	83	139
2515	51	83	139
2516	51	83	138
2517	51	83	142
2518	51	83	147
2519	51	83	138
2520	51	83	144
2521	51	83	141
2522	51	83	143
2523	51	83	143
2524	51	83	143
2525	51	83	142
2526	51	83	146
2527	51	83	142
2528	51	83	146
2529	51	83	142
2530	51	83	142
2531	51	83	142
2532	51	83	146
2533	51	83	144
2534	51	83	142
2535	51	83	142
2536	51	83	144
2537	51	83	144
2538	51	83	144
2539	51	83	142
2540	51	83	143
2541	51	83	146
2542	51	83	143
2543	51	83	143
2544	51	83	145
2545	51	83	144
2546	51	83	146
2547	51	83	145
2548	51	83	145
2549	51	83	146
2550	51	83	143
2551	51	83	146
2552	51	83	146
2553	51	83	146
2554	51	83	146
2555	51	83	146
2556	51	83	146
2557	51	83	147
2558	51	83	146
2559	51	83	143
2560	51	83	143
2561	51	83	145
2562	51	83	143
2563	51	83	146
2564	51	83	143
2565	51	83	146
2566	51	83	142
2567	51	83	146
2568	51	83	142
2569	51	83	147
2570	51	83	145
2571	51	83	143
2572	51	83	145
2573	51	83	145
2574	51	83	146
2575	51	83	143
2576	51	83	143
2577	51	83	143
2578	51	83	143
2579	51	83	146
2580	51	83	146
2581	51	83	146
2582	51	83	146
2583	51	83	147
2584	51	83	143
2585	51	83	146
2586	51	83	146
2587	51	83	146
2588	51	83	146
2589	51	83	146
2590	51	83	146
2591	51	83	146
2592	51	83	146
2593	51	83	143
2594	51	83	146
2595	51	83	146
2596	51	83	146
2597	51	83	147
2598	51	83	146
2599	51	83	147
2600	51	83	147
2601	51	83	146
2602	51	83	146
2603	51	83	147
2604	51	83	148
2605	51	83	146
2606	51	83	146
2607	51	83	147
2608	51	83	146
2609	51	83	148
2610	51	83	146
2611	51	83	147
2612	51	83	147
2613	51	83	144
2614	51	83	146
2615	51	83	146
2616	51	83	147
2617	51	83	146
2618	51	83	143
2619	51	83	143
2620	51	83	143
2621	51	83	142
2622	51	83	143
2623	51	83	146
2624	51	83	142
2625	51	83	141
2626	51	83	142
2627	51	83	142
2628	51	83	142
2629	51	83	141
2630	51	83	140
2631	51	83	137
2632	51	83	138
2633	51	83	139
2634	51	83	138
2635	51	83	137
2636	51	83	139
2637	51	83	142
2638	51	83	142
2639	51	83	142
2640	51	83	139
2641	50	83	135
2642	50	83	127
2643	51	83	138
2644	51	83	141
2645	51	83	148
2646	50	83	140
2647	51	83	152
2648	51	83	143
2649	51	83	148
2650	51	83	148
2651	51	83	149
2652	51	83	149
2653	51	83	148
2654	51	83	152
2655	51	83	146
2656	52	83	156
2657	51	84	151
2658	51	84	154
2659	52	83	155
2660	53	83	164
2661	53	83	170
2662	56	83	159
2663	62	82	170
2664	66	81	158
2665	67	81	158
2666	68	81	166
2667	68	85	174
2668	68	85	186
2669	70	84	177
2670	75	85	167
2671	82	86	159
2672	85	88	140
2673	85	87	139
2674	85	87	140
2675	85	87	140
2676	86	88	148
2677	88	89	138
2678	88	89	131
2679	88	89	129
2680	88	89	130
2681	88	89	132
2682	88	89	134
2683	89	89	135
2684	86	93	142
2685	86	92	160
2686	85	92	146
2687	84	90	157
2688	79	88	151
2689	76	85	165
2690	71	75	174
2691	70	72	168
2692	70	72	166
2693	69	67	102
2694	69	66	93
2695	69	66	88
2696	69	67	89
2697	69	66	89
2698	69	66	96
2698	71	56	40	f
2699	69	66	90
2699	72	56	35	f
2700	69	66	92
2700	71	57	32	f
2701	69	66	95
2701	70	57	32	f
2702	69	66	99
2703	69	66	99
2703	70	56	40	f
2704	69	66	99
2704	70	56	41	f
2705	69	66	99
2705	70	56	37	f
2706	69	66	100
2706	69	56	32	f
2707	69	66	87
2708	69	64	52
2708	68	56	36	f
2709	68	56	46
2709	69	63	31	f
2710	65	41	118
2711	67	31	160
2712	70	25	157
2713	75	23	160
2714	78	21	146
2715	80	18	162
2716	80	18	161
2717	80	18	163
2718	80	18	159
2719	83	21	158
2720	92	21	165
2721	98	22	190
2722	106	23	171
2723	109	24	164
2724	109	24	172
2725	108	24	172
2726	109	22	168
2727	109	23	156
2728	107	23	145
2729	109	24	161
2730	111	26	161
2731	116	32	142
2732	117	34	139
2733	120	38	149
2734	120	45	173
2735	119	58	173
2736	116	67	176
2737	114	76	165
2738	112	82	177
2739	106	88	150
2740	104	88	145
2741	103	88	148
2742	100	89	131
2743	101	89	115
2744	95	90	135
2745	94	89	138
2746	91	89	138
2747	91	90	153
2748	86	90	132
2749	84	89	147
2750	83	89	143
2751	83	89	142
2752	82	89	152
2753	82	88	159
2754	82	88	152
2755	82	88	152
2756	82	88	153
2757	84	89	142
2758	83	88	153
2759	83	87	150
2760	83	87	148
2761	83	88	140
2762	80	89	156
2763	76	89	137
2764	66	92	140
2765	64	91	164
2766	64	91	156
2767	62	90	161
2768	58	88	145
2769	57	87	162
2770	54	85	165
2771	54	85	159
2772	53	85	169
2773	51	85	161
2774	51	85	148
2775	50	86	152
2776	50	87	166
2777	49	87	148
2778	49	89	158
2779	49	89	162
2780	49	88	163
2781	49	88	156
2782	50	89	168
2783	50	88	158
2784	50	88	159
2785	51	86	137
2786	52	85	147
2787	52	86	157
2788	52	87	160
2789	54	88	163
2790	55	90	152
2791	55	90	160
2792	55	90	160
2793	55	90	153
2794	55	90	153
2795	55	90	158
2796	55	90	162
2797	55	90	150
2798	55	90	150
2799	55	90	157
2800	56	90	151
2801	56	88	163
2802	58	87	155
2803	59	86	144
2804	62	82	146
2805	66	70	138
2806	67	67	109
2807	66	66	94
2808	66	65	89
2809	65	64	64
2810	62	54	43
2810	67	54	42	f
2811	66	43	69
2811	62	48	47	f
2812	65	39	129
2813	65	25	105
2814	64	26	119
2815	64	25	128
2816	64	25	127
2817	65	25	128
2818	69	21	166
2819	73	17	188
2820	73	18	177
2821	73	18	187
2822	73	18	183
2823	73	19	172
2824	73	20	175
2825	73	20	168
2826	73	21	174
2827	73	21	162
2828	73	20	179
2829	73	19	181
2830	74	19	174
2831	74	19	174
2832	74	18	179
2833	77	17	157
2834	76	17	162
2835	77	16	164
2836	77	17	159
2837	75	16	172
2838	74	14	166
2839	71	14	157
2840	66	13	159
2841	64	13	153
2842	59	13	177
2843	59	13	176
2844	58	13	174
2845	58	13	163
2846	58	13	164
2847	58	13	158
2848	57	13	176
2849	57	13	171
2850	57	13	168
2851	57	13	170
2852	57	13	166
2853	57	13	166
2854	57	13	166
2855	57	13	166
2856	58	14	166
2857	58	14	168
2858	58	14	171
2859	58	14	172
2860	58	14	174
2861	58	13	158
2862	58	14	168
2863	58	14	166
2864	58	14	166
2865	58	14	165
2866	58	14	167
2867	59	13	155
2868	59	13	149
2869	59	13	155
2870	58	13	153
2871	58	14	155
2872	59	13	149
2873	59	13	153
2874	58	14	156
2875	58	13	158
2876	58	14	168
2877	59	14	156
2878	59	14	150
2879	58	14	151
2880	58	13	161
2881	59	14	169
2882	59	13	168
2883	59	14	162
2884	59	14	164
2885	59	14	162
2886	59	14	161
2887	59	14	165
2888	59	14	154
2889	58	14	163
2890	58	13	168
2891	58	14	164
2892	58	14	167
2893	58	14	166
2894	60	13	148
2895	59	14	152
2896	59	14	154
2897	59	14	157
2898	59	14	159
2899	59	14	162
2900	59	14	154
2901	59	14	161
2902	57	14	179
2903	56	13	182
2904	57	14	167
2905	56	14	173
2906	57	14	176
2907	56	14	184
2908	50	17	178
2909	48	19	160
2910	49	18	137
2911	49	18	124
2912	49	18	124
2913	48	19	132
2914	48	18	136
2915	46	18	151
2916	44	19	126
2917	41	21	79
2918	41	21	NP
2919	41	21	NP
2920	41	21	NP
2921	41	21	NP
2922	15	34	59
2923	15	36	104
2924	17	47	159
2925	19	59	169
2926	20	70	161
2927	20	72	145
2928	20	74	154
2929	20	74	150
2930	21	75	157
2931	22	77	162
2932	27	83	148
2933	29	85	105
2934	31	85	127
2935	38	86	140
2936	40	86	115
2937	46	85	134
2938	50	85	172
2939	57	83	162
2940	65	79	151
2941	70	72	154
2942	70	71	144
2943	69	71	160
2944	69	71	144
2945	70	70	137
2946	71	70	147
2947	71	70	147
2948	71	70	152
2949	71	70	148
2950	71	70	155
2951	71	70	159
2952	70	70	157
2953	71	70	154
2954	71	70	156
2955	71	70	156
2956	70	70	147
2957	70	70	146
2958	71	68	136
2959	70	68	132
2960	70	68	134
2961	70	68	130
2962	71	70	121
2963	70	71	122
2964	71	73	142
2965	70	75	174
2966	69	75	172
2967	69	75	170
2968	69	75	169
2969	69	74	167
2970	70	75	171
2971	70	75	173
2972	70	75	169
2973	70	75	183
2974	70	75	181
2975	69	75	174
2976	69	75	177
2977	70	76	183
2978	70	76	189
2979	70	76	183
2980	69	75	168
2981	70	75	170
2982	70	75	169
2983	70	75	170
2984	69	75	177
2985	69	75	174
2986	70	75	179
2987	70	75	184
2988	69	75	183
2989	69	75	181
2990	68	74	162
2991	67	71	154
2992	68	68	133
2993	69	67	107
2994	69	50	140
2995	68	43	151
2996	68	31	167
2997	67	26	132
2998	68	25	139
2999	67	25	142
3000	65	26	152
3001	62	22	159
3002	60	21	167
3003	60	20	171
3004	59	20	182
3005	59	21	154
3006	59	20	160
3007	59	21	154
3008	59	20	166
3009	59	21	177
3010	58	21	172
3011	57	20	154
3012	56	20	145
3013	56	20	152
3014	56	20	142
3015	56	19	136
3016	54	19	144
3017	51	19	151
3018	49	20	157
3019	44	20	123
3020	38	20	54
3021	38	20	NP
3022	38	20	NP
3023	38	20	NP
3024	38	20	NP
3025	38	20	NP
3026	38	20	NP
3027	38	20	NP
3028	38	20	NP
3029	38	20	NP
3030	38	20	NP
3031	38	20	NP
3032	38	20	NP
3033	38	20	NP
3034	38	20	NP
3035	38	20	NP
3036	38	20	NP
3037	38	20	NP
3038	38	20	NP
3039	38	20	NP
3040	38	20	NP
3041	38	20	NP
3042	12	25	50
3043	12	23	69
3044	12	23	65
3045	12	23	NP
3046	12	23	NP
3047	12	23	NP
3048	12	23	NP
3049	12	23	NP
3050	12	23	NP
3051	12	23	NP
3052	12	23	NP
3053	12	23	NP
3054	19	33	37
3055	20	35	58
3056	21	37	84
3057	22	42	150
3058	22	50	154
3059	21	58	159
3060	22	68	161
3061	24	79	166
3062	28	87	143
3063	30	88	102
3064	32	89	123
3065	37	89	128
3066	39	89	121
3067	41	88	82
3068	41	88	77
3069	39	89	109
3070	40	89	120
3071	40	89	125
3072	40	89	121
3073	40	89	125
3074	41	88	127
3075	40	88	119
3076	40	88	115
3077	41	87	137
3078	40	88	112
3079	37	89	88
3080	38	90	65
3081	37	90	93
3082	41	88	69
3083	41	88	67
3084	41	88	66
3085	40	89	60
3086	40	89	115
3087	40	88	124
3088	40	88	130
3089	39	89	123
3090	39	88	126
3091	39	89	133
3092	39	89	118
3093	38	90	123
3094	42	89	72
3094	33	91	42	f
3095	38	89	118
3096	42	88	65
3096	34	90	41	f
3097	38	89	125
3098	38	89	123
3099	39	88	128
3100	39	88	117
3101	39	88	120
3102	39	88	111
3103	39	89	113
3104	39	88	117
3105	39	88	102
3106	41	87	75
3106	34	90	34	f
3107	41	88	66
3107	34	90	33	f
3108	41	88	65
3109	41	88	63
3109	34	90	30	f
3110	40	88	119
3111	39	88	118
3112	41	88	81
3112	34	90	34	f
3113	39	89	119
3114	41	88	69
3114	34	90	33	f
3115	39	89	113
3116	39	88	123
3117	39	89	122
3118	39	88	133
3119	39	88	132
3120	39	88	124
3121	39	89	131
3122	39	89	125
3123	39	88	131
3124	40	88	134
3125	40	89	131
3126	40	89	136
3127	40	89	130
3128	42	88	90
3129	40	88	120
3130	42	88	86
3131	42	88	87
3131	34	90	30	f
3132	40	88	118
3133	39	89	117
3134	39	88	125
3135	39	88	125
3136	41	88	77
3136	34	90	33	f
3137	39	88	127
3138	39	88	128
3139	39	88	144
3140	39	88	133
3141	38	89	122
3142	38	89	114
3143	38	89	115
3144	39	89	118
3145	39	89	112
3146	41	88	72
3146	34	90	39	f
3147	39	89	107
3148	39	89	118
3149	39	89	107
3150	41	88	76
3151	41	88	76
3152	42	88	84
3153	42	87	87
3154	42	88	81
3155	42	88	83
3156	41	88	122
3157	42	86	113
3158	38	89	82
3159	39	89	50
3160	37	89	96
3161	37	90	98
3162	38	89	97
3163	38	89	106
3164	38	90	108
3165	38	90	106
3166	38	90	127
3167	39	90	118
3168	40	91	129
3169	41	91	149
3170	44	92	119
3171	41	91	125
3172	43	90	121
3173	48	87	161
3174	54	84	160
3175	59	82	147
3176	65	78	158
3177	69	71	146
3178	68	72	123
3179	68	72	134
3180	68	71	132
3181	68	71	143
3182	68	70	137
3183	68	70	130
3184	68	70	132
3185	68	70	136
3186	68	70	131
3187	69	70	121
3188	68	70	124
3189	69	70	125
3190	68	70	120
3191	69	69	120
3192	68	69	125
3193	68	69	124
3194	68	69	124
3195	68	69	125
3196	68	69	130
3197	68	69	131
3198	68	69	135
3199	69	68	141
3200	68	69	127
3201	68	69	136
3202	68	69	130
3203	68	69	128
3204	68	69	129
3205	68	69	135
3206	68	69	129
3207	68	69	127
3208	69	69	125
3209	69	69	125
3210	69	69	125
3211	69	69	123
3212	69	69	124
3213	69	69	125
3214	68	70	126
3215	68	69	127
3216	68	69	128
3217	69	69	133
3218	69	69	134
3219	69	69	134
3220	69	70	130
3221	68	70	130
3222	68	70	129
3223	68	70	131
3224	68	70	125
3225	68	70	125
3226	69	70	122
3227	69	70	128
3228	69	70	127
3229	69	70	125
3230	69	70	128
3231	69	70	124
3232	69	69	123
3233	69	69	125
3234	69	69	125
3235	69	69	128
3236	69	69	125
3237	69	69	127
3238	69	69	127
3239	69	69	125
3240	69	69	124
3241	69	69	126
3242	69	69	130
3243	69	69	125
3244	69	69	121
3245	69	69	121
3246	69	69	123
3247	69	69	118
3248	69	69	120
3249	69	69	124
3250	69	69	120
3251	69	69	123
3252	69	69	123
3253	69	69	123
3254	69	69	123
3255	69	69	123
3256	69	69	123
3257	69	69	126
3258	69	69	123
3259	69	69	123
3260	69	69	123
3261	69	69	123
3262	69	69	124
3263	69	69	121
3264	69	69	118
3265	69	69	117
3266	69	69	119
3267	69	69	121
3268	69	69	120
3269	69	69	122
3270	69	69	119
3271	69	69	119
3272	69	69	122
3273	70	69	111
3274	69	69	122
3275	69	69	122
3276	69	69	122
3277	69	69	118
3278	69	69	119
3279	69	69	119
3280	69	69	118
3281	69	69	122
3282	69	69	125
3283	69	69	119
3284	69	69	121
3285	69	69	120
3286	69	69	119
3287	69	69	117
3288	69	69	120
3289	69	69	117
3290	69	69	122
3291	69	69	121
3292	69	69	125
3293	69	69	123
3294	69	69	124
3295	69	68	122
3296	68	68	119
3297	67	66	106
3298	67	66	105
3299	67	66	102
3300	67	66	106
3301	67	66	105
3302	67	66	102
3303	67	66	95
3304	67	67	95
3305	67	66	96
3306	67	66	97
3307	67	66	96
3308	68	66	95
3309	68	66	95
3310	68	66	95
3311	68	66	98
3312	68	66	95
3313	68	66	96
3314	68	66	96
3315	68	66	96
3316	68	66	98
3317	68	66	96
3318	68	66	95
3319	68	66	96
3320	68	66	94
3321	68	66	95
3322	68	66	94
3323	68	66	94
3324	68	66	86
3325	68	66	93
3326	68	66	94
3327	68	66	94
3328	68	66	92
3329	68	66	94
3330	68	66	94
3331	68	66	92
3332	68	66	95
3333	68	66	95
3334	68	66	95
3335	68	66	97
3336	68	66	95
3337	68	66	93
3338	68	66	94
3339	68	66	90
3340	68	66	94
3341	68	66	93
3342	68	66	93
3343	67	66	96
3344	68	66	106
3345	68	66	131
3346	68	66	136
3347	68	66	142
3348	69	67	147
3349	72	70	161
3350	76	82	161
3351	82	86	164
3352	84	86	129
3353	85	86	135
3354	84	86	134
3355	85	86	141
3356	85	87	166
3357	85	87	158
3358	85	86	145
3359	85	85	151
3360	84	85	149
3361	84	85	148
3362	84	86	144
3363	84	86	137
3364	84	85	137
3365	84	85	135
3366	83	85	138
3367	83	86	142
3368	84	86	141
3369	88	86	139
3370	89	88	141
3371	88	89	156
3372	86	92	144
3373	84	93	147
3374	83	92	164
3375	83	92	152
3376	83	92	160
3377	79	91	161
3378	76	90	170
3379	72	86	172
3380	71	84	171
3381	72	81	196
3382	70	81	167
3383	68	78	157
3384	67	76	144
3385	66	70	129
3386	66	66	96
3387	66	64	58
3388	64	44	127
3389	66	36	141
3390	65	34	119
3391	65	34	95
3392	64	27	116
3393	63	26	116
3394	62	19	130
3395	60	17	142
3396	60	17	152
3397	60	17	151
3398	61	18	128
3399	60	17	147
3400	61	17	134
3401	60	17	140
3402	60	17	152
3403	60	17	156
3404	60	17	156
3405	60	17	155
3406	60	17	158
3407	60	17	163
3408	60	17	156
3409	60	17	147
3410	60	17	148
3411	60	17	145
3412	60	17	142
3413	60	18	140
3414	61	18	118
3415	62	19	157
3416	63	19	162
3417	63	19	161
3418	66	19	164
3419	73	17	166
3420	90	20	166
3421	97	22	165
3422	104	22	179
3423	111	24	150
3424	112	24	135
3425	112	23	128
3426	112	24	140
3427	112	26	159
3428	113	26	164
3429	115	29	145
3430	119	34	145
3431	121	37	150
3432	122	40	165
3433	122	42	156
3434	121	38	144
3435	121	39	139
3436	121	40	153
3437	118	45	166
3438	115	53	160
3439	116	62	159
3440	117	71	166
3441	115	75	163
3442	115	75	164
3443	114	77	161
3444	113	83	170
3445	105	90	169
3446	105	91	159
3447	103	91	133
3448	102	91	120
3449	102	91	122
3450	99	90	124
3451	93	87	169
3452	93	87	137
3453	93	88	142
3454	93	87	146
3455	92	87	145
3456	92	89	141
3457	83	91	143
3458	75	91	167
3459	66	89	168
3460	62	88	170
3461	60	88	155
3462	60	88	155
3463	59	88	145
3464	57	89	159
3465	54	90	164
3466	51	91	136
3467	53	92	133
3468	53	91	146
3469	50	91	156
3470	47	88	143
3471	48	88	139
3472	48	89	133
3473	48	88	134
3474	48	88	139
3475	48	87	134
3476	48	87	140
3477	48	87	140
3478	48	86	136
3479	51	84	143
3480	52	83	133
3481	53	83	147
3482	53	83	151
3483	54	83	158
3484	54	83	156
3485	54	83	156
3486	54	83	160
3487	54	83	158
3488	54	83	165
3489	55	83	160
3490	56	82	154
3491	57	82	161
3492	59	81	170
3493	63	78	164
3494	66	73	166
3495	70	68	130
3496	69	70	127
3497	69	71	129
3498	69	72	145
3499	70	73	161
3500	69	74	168
3501	69	74	163
3502	69	74	153
3503	69	74	126
3504	71	75	124
3505	72	75	136
3506	72	75	149
3507	71	75	144
3508	71	73	111
3509	69	74	131
3510	66	72	132
3511	66	70	148
3512	67	68	111
3513	68	65	68
3513	67	55	42	f
3514	67	41	119
3515	69	30	160
3516	71	27	156
3517	74	23	167
3518	77	21	162
3519	81	17	168
3520	81	17	159
3521	81	17	161
3522	81	17	147
3523	81	18	153
3524	81	18	153
3525	81	18	151
3526	80	18	145
3527	80	17	152
3528	80	17	156
3529	80	17	156
3530	80	17	154
3531	79	18	146
3532	80	19	141
3533	80	19	144
3534	80	19	145
3535	80	19	141
3536	80	19	138
3537	79	19	135
3538	81	18	158
3539	83	18	157
3540	87	19	167
3541	98	21	171
3542	107	22	171
3543	113	24	133
3544	113	24	142
3545	113	24	136
3546	113	24	128
3547	113	24	122
3548	114	24	124
3549	115	25	140
3550	116	24	162
3551	116	24	159
3552	117	23	162
3553	114	24	150
3554	114	24	125
3555	113	24	125
3556	113	24	122
3557	113	25	128
3558	114	25	114
3559	115	26	141
3560	115	24	158
3561	116	23	163
3562	116	23	162
3563	117	23	174
3564	115	23	161
3565	113	22	154
3566	112	21	163
3567	105	18	162
3568	94	17	159
3569	92	16	144
3570	93	16	141
3571	92	17	148
3572	91	18	121
3573	90	19	116
3574	90	19	116
3575	91	20	128
3576	91	20	141
3577	91	19	128
3578	91	19	121
3579	90	17	133
3580	90	17	128
3581	89	17	122
3582	88	17	115
3583	88	18	110
3584	88	17	121
3585	88	18	119
3586	88	17	123
3587	88	17	119
3588	91	15	140
3589	92	13	143
3590	92	13	147
3591	93	14	165
3592	98	15	167
3593	98	16	165
3594	98	16	160
3595	98	16	160
3596	97	15	149
3597	99	14	138
3598	99	13	143
3599	99	14	141
3600	98	13	144
3601	99	15	160
3602	109	22	154
3603	114	26	145
3604	116	33	138
3605	117	41	152
3606	115	59	170
3607	114	72	175
3608	114	75	147
3609	114	74	150
3610	114	74	147
3611	114	74	157
3612	113	77	172
3613	110	81	183
3614	105	84	147
3615	105	84	144
3616	103	85	149
3617	103	85	148
3618	103	85	147
3619	103	86	142
3620	104	85	131
3621	104	85	125
3622	105	85	138
3623	105	86	154
3624	103	87	145
3625	103	87	138
3626	101	89	129
3627	98	90	147
3628	100	89	117
3629	100	89	120
3630	100	89	126
3631	100	89	122
3632	101	88	109
3633	101	89	112
3634	101	89	116
3635	99	90	138
3636	99	89	131
3637	100	89	116
3638	100	89	114
3639	101	88	124
3640	101	88	130
3641	101	88	129
3642	101	88	131
3643	101	88	133
3644	101	88	136
3645	100	88	134
3646	96	87	170
3647	85	88	152
3648	79	89	156
3649	78	89	161
3650	72	90	165
3651	61	91	169
3652	56	90	159
3653	54	91	165
3654	51	90	166
3655	49	90	162
3656	49	90	159
3657	51	89	142
3658	51	88	156
3659	50	87	159
3660	50	87	145
3661	51	88	147
3662	50	88	149
3663	52	88	149
3664	52	89	160
3665	52	89	147
3666	54	90	162
3667	58	92	151
3668	58	92	146
3669	60	89	163
3670	63	87	143
3671	65	85	142
3672	65	85	150
3673	66	85	154
3674	66	85	154
3675	65	85	146
3676	64	85	142
3677	63	82	140
3678	64	79	141
3679	65	72	151
3680	65	68	116
3681	65	68	112
3682	65	67	97
3683	65	67	95
3684	65	66	99
3684	67	56	30	f
3685	65	67	92
3686	65	67	98
3687	65	66	97
3688	65	66	101
3689	65	66	97
3690	65	66	98
3691	65	67	103
3692	65	67	98
3693	65	67	100
3694	65	67	102
3695	65	67	100
3696	65	67	100
3697	65	67	101
3698	65	67	101
3699	65	67	101
3700	65	67	100
3701	65	67	109
3702	65	67	110
3703	65	67	104
3704	65	67	107
3705	65	67	105
3706	65	67	106
3707	65	67	104
3708	65	67	104
3709	65	67	102
3710	65	67	102
3711	65	67	102
3712	65	67	109
3713	65	67	104
3714	65	67	104
3715	65	67	105
3716	65	67	105
3717	65	67	104
3718	65	67	105
3719	65	67	104
3720	65	67	105
3721	65	67	105
3722	65	67	105
3723	65	67	105
3724	65	67	105
3725	65	67	105
3726	65	67	108
3727	65	67	109
3728	65	67	107
3729	64	67	107
3730	64	67	106
3731	64	67	108
3732	65	67	107
3733	64	67	108
3734	64	67	110
3735	65	67	108
3736	65	67	106
3737	65	67	106
3738	65	67	103
3739	65	67	107
3740	64	67	110
3741	65	66	111
3742	65	67	112
3743	64	67	114
3744	65	67	113
3745	65	67	116
3746	65	67	117
3747	65	67	110
3748	64	67	105
3749	64	67	111
3750	64	67	108
3751	65	67	114
3752	64	67	120
3753	65	67	118
3754	65	68	123
3755	65	67	124
3756	65	67	129
3757	65	68	124
3758	65	68	123
3759	65	68	118
3760	65	67	112
3761	65	68	112
3762	65	68	108
3763	65	68	106
3764	65	68	115
3765	65	68	121
3766	65	68	129
3767	66	67	139
3768	66	68	139
3769	66	68	134
3770	66	68	136
3771	66	68	135
3772	67	68	147
3773	67	68	139
3774	68	69	160
3775	70	70	144
3776	71	72	168
3777	72	76	173
3778	74	80	160
3779	75	82	180
3780	81	86	177
3781	85	88	141
3782	85	88	137
3783	85	87	130
3784	84	87	136
3785	84	87	127
3786	84	87	152
3787	85	86	157
3788	85	86	164
3789	85	86	164
3790	85	85	154
3791	85	85	153
3792	85	85	158
3793	85	85	150
3794	84	85	147
3795	84	87	141
3796	88	89	137
3797	88	88	127
3798	88	89	133
3799	87	88	138
3800	86	91	151
3801	83	93	155
3802	83	92	124
3803	83	93	152
3804	82	92	149
3805	83	92	133
3806	83	91	126
3807	82	91	138
3808	82	91	139
3809	82	91	137
3810	82	91	142
3811	83	92	131
3812	83	92	147
3813	82	90	145
3814	82	90	123
3815	81	90	134
3816	82	90	126
3817	82	91	126
3818	82	91	130
3819	81	91	130
3820	82	91	127
3821	82	91	123
3822	82	91	127
3823	82	91	128
3824	82	91	129
3825	81	91	132
3826	81	91	133
3827	82	91	128
3828	82	91	124
3829	82	91	126
3830	82	91	123
3831	82	91	120
3832	82	91	123
3833	82	91	125
3834	82	91	127
3835	82	91	116
3836	82	91	121
3837	82	91	123
3838	82	91	122
3839	82	91	127
3840	82	91	124
3841	82	91	125
3842	82	91	125
3843	82	91	123
3844	82	91	122
3845	82	91	124
3846	82	91	126
3847	82	91	126
3848	82	91	126
3849	82	91	122
3850	82	91	122
3851	82	91	126
3852	82	91	119
3853	82	91	113
3854	83	91	110
3855	83	91	113
3856	82	92	112
3857	83	91	113
3858	82	91	116
3859	83	91	116
3860	84	91	95
3861	83	91	107
3862	83	91	105
3863	82	92	134
3864	82	92	134
3865	83	91	110
3866	83	91	125
3867	84	91	132
3868	84	91	131
3869	84	91	129
3870	84	91	128
3871	84	92	130
3872	84	92	126
3873	84	91	134
3874	84	92	127
3875	84	91	131
3876	84	92	129
3877	83	92	135
3878	84	91	131
3879	84	91	133
3880	83	92	137
3881	83	92	135
3882	84	92	130
3883	84	91	130
3884	84	92	131
3885	84	92	130
3886	84	92	131
3887	84	92	124
3888	84	91	125
3889	84	91	114
3890	84	92	120
3891	84	92	121
3892	84	91	118
3893	84	91	123
3894	84	91	130
3895	83	91	122
3896	84	91	129
3897	84	91	127
3898	84	91	131
3899	84	91	132
3900	84	91	128
3901	84	91	127
3902	84	92	128
3903	84	91	129
3904	84	92	132
3905	84	92	129
3906	84	92	130
3907	84	92	133
3908	84	92	129
3909	84	92	132
3910	84	92	132
3911	84	92	130
3912	84	92	130
3913	84	92	132
3914	84	92	131
3915	84	92	128
3916	84	92	129
3917	84	92	130
3918	84	92	130
3919	84	92	130
3920	84	92	129
3921	84	92	131
3922	84	92	124
3923	84	92	127
3924	84	92	123
3925	84	92	124
3926	84	92	126
3927	84	92	120
3928	84	92	123
3929	84	92	124
3930	84	92	119
3931	84	92	121
3932	84	92	120
3933	84	92	115
3934	85	92	110
3935	84	92	118
3936	84	92	110
3937	84	92	114
3938	84	92	120
3939	84	92	119
3940	84	92	116
3941	84	92	120
3942	84	92	118
3943	84	92	121
3944	84	92	115
3945	84	92	120
3946	84	92	120
3947	84	92	118
3948	84	92	120
3949	84	92	125
3950	84	92	122
3951	84	92	121
3952	84	92	122
3953	84	92	122
3954	84	92	121
3955	84	92	124
3956	84	91	122
3957	84	92	123
3958	84	92	128
3959	84	92	123
3960	84	92	122
3961	84	92	122
3962	84	92	122
3963	84	92	125
3964	84	92	127
3965	84	92	125
3966	84	92	125
3967	84	92	122
3968	84	92	125
3969	84	92	124
3970	84	92	123
3971	84	92	126
3972	84	92	125
3973	84	92	128
3974	84	92	123
3975	84	92	125
3976	84	92	127
3977	84	92	128
3978	84	92	128
3979	84	92	127
3980	84	92	122
3981	84	92	123
3982	84	92	123
3983	84	92	122
3984	84	92	123
3985	84	92	123
3986	84	92	124
3987	84	92	123
3988	84	92	123
3989	84	92	123
3990	84	92	122
3991	84	92	122
3992	84	92	121
3993	84	92	120
3994	83	92	140
3995	84	91	131
3996	84	92	136
3997	84	91	140
3998	84	91	136
3999	84	91	136
4000	84	92	132
4001	84	91	138
4002	84	91	134
4003	84	91	137
4004	83	91	140
4005	83	91	145
4006	83	91	150
4007	83	90	150
4008	83	90	144
4009	83	90	148
4010	83	90	152
4011	83	90	154
4012	83	89	165
4013	83	89	166
4014	83	89	155
4015	83	89	149
4016	83	90	149
4017	83	90	142
4018	83	90	151
4019	83	90	150
4020	84	90	155
4021	84	90	167
4022	85	89	171
4023	86	88	168
4024	85	88	157
4025	85	89	149
4026	84	89	150
4027	84	89	151
4028	84	90	143
4029	84	91	147
4030	84	91	142
4031	84	91	141
4032	85	91	133
4033	85	90	136
4034	85	91	135
4035	85	91	133
4036	85	90	142
4037	80	89	154
4038	73	88	158
4039	65	89	172
4040	58	88	166
4041	53	88	153
4042	50	89	166
4043	48	90	140
4044	48	89	157
4045	48	89	154
4046	48	90	158
4047	49	90	162
4048	49	89	162
4049	48	89	161
4050	48	89	165
4051	49	88	145
4052	49	89	150
4053	49	89	145
4054	49	90	149
4055	50	91	153
4056	50	92	147
4057	51	91	144
4058	55	90	144
4059	55	90	152
4060	55	91	152
4061	54	90	150
4062	56	87	152
4063	56	87	149
4064	57	86	149
4065	59	84	160
4066	62	80	164
4067	68	74	159
4068	67	74	149
4069	68	72	161
4070	69	68	110
4071	70	66	103
4072	70	66	86
4073	70	65	80
4074	69	65	83
4075	69	65	87
4076	69	65	87
4076	69	57	32	f
4077	69	65	81
4078	70	64	64
4078	68	56	34	f
4079	62	50	65
4079	68	55	45	f
4080	64	49	103
4081	68	42	101
4082	67	43	130
4083	68	41	107
4084	67	37	126
4085	67	34	105
4086	64	27	136
4087	61	24	153
4088	60	19	168
4089	60	19	161
4090	60	19	160
4091	60	18	146
4092	59	17	139
4093	59	17	152
4094	59	17	151
4095	60	19	125
4096	60	20	122
4097	61	21	135
4098	60	19	138
4099	59	18	153
4100	59	18	162
4101	59	18	162
4102	59	18	156
4103	59	18	158
4104	59	18	160
4105	59	18	155
4106	59	17	165
4107	59	17	158
4108	59	18	154
4109	59	18	157
4110	59	17	163
4111	59	18	148
4112	59	18	154
4113	59	17	155
4114	59	17	154
4115	59	18	145
4116	59	18	152
4117	59	17	164
4118	59	17	161
4119	59	18	157
4120	59	18	162
4121	59	18	162
4122	59	18	145
4123	60	20	141
4124	60	19	147
4125	60	19	146
4126	59	17	165
4127	59	17	163
4128	59	18	163
4129	59	17	162
4130	59	17	152
4131	61	18	165
4132	62	18	160
4133	62	19	156
4134	60	19	139
4135	59	18	149
4136	59	18	153
4137	59	18	154
4138	59	17	170
4139	59	17	172
4140	59	17	168
4141	59	17	163
4142	60	21	135
4143	60	21	138
4144	60	20	147
4145	58	17	157
4146	58	17	158
4147	58	17	151
4148	59	18	145
4149	60	18	164
4150	63	12	156
4151	63	12	168
4152	63	12	159
4153	63	12	159
4154	63	12	150
4155	63	12	148
4156	63	12	148
4157	62	13	135
4158	63	13	134
4159	62	13	138
4160	63	13	148
4161	63	14	158
4162	67	15	146
4163	72	16	166
4164	77	16	162
4165	82	15	166
4166	84	15	156
4167	95	16	164
4168	103	19	179
4169	107	21	183
4170	111	23	154
4171	111	23	153
4172	113	25	161
4173	113	24	152
4174	116	29	163
4175	119	34	142
4176	120	35	139
4177	120	35	137
4178	120	34	142
4179	119	32	129
4180	119	32	106
4181	119	32	115
4182	120	31	117
4183	119	30	124
4184	119	29	131
4185	120	28	132
4186	121	26	158
4187	122	23	159
4188	121	23	160
4189	122	23	158
4190	120	24	156
4191	120	25	154
4192	119	24	165
4193	118	20	150
4194	118	20	159
4195	117	22	148
4196	115	22	146
4197	116	22	118
4198	117	23	117
4199	117	27	142
4200	116	33	136
4201	117	43	162
4202	114	64	169
4203	114	72	170
4204	113	80	160
4205	109	88	169
4206	105	91	147
4207	105	92	135
4208	100	92	127
4209	96	91	139
4210	95	90	139
4211	95	90	132
4212	94	90	140
4213	91	90	137
4214	91	90	140
4215	91	90	139
4216	91	89	146
4217	90	89	137
4218	90	89	133
4219	90	89	131
4220	91	89	132
4221	84	90	134
4222	82	91	140
4223	81	91	139
4224	81	91	133
4225	83	90	125
4226	85	89	129
4227	85	89	129
4228	85	88	133
4229	86	88	136
4230	87	90	131
4231	90	89	141
4232	91	89	153
4233	91	90	150
4234	92	90	159
4235	92	90	157
4236	93	90	158
4237	92	90	163
4238	92	90	164
4239	93	90	161
4240	92	90	163
4241	93	90	164
4242	93	89	154
4243	98	87	168
4244	101	86	141
4245	103	85	142
4246	103	85	147
4247	103	85	145
4248	102	85	134
4249	105	85	154
4250	105	86	155
4251	105	86	148
4252	105	87	157
4253	104	86	159
4254	111	87	154
4255	114	89	167
4256	117	90	166
4257	116	90	154
4258	114	89	139
4259	112	89	138
4260	113	88	139
4261	113	88	135
4262	113	88	137
4263	113	88	139
4264	113	87	148
4265	115	85	147
4266	113	87	143
4267	115	84	156
4268	116	81	142
4269	116	80	150
4270	116	80	151
4271	116	80	153
4272	116	80	153
4273	116	80	149
4274	116	80	149
4275	116	80	151
4276	116	81	145
4277	116	81	142
4278	116	81	144
4279	116	81	146
4280	116	81	139
4281	116	81	144
4282	116	81	147
4283	116	80	146
4284	116	81	141
4285	116	80	145
4286	116	80	145
4287	116	80	144
4288	116	80	144
4289	116	81	136
4290	116	81	145
4291	116	81	146
4292	116	80	148
4293	116	81	148
4294	116	81	148
4295	116	81	149
4296	116	81	142
4297	116	80	150
4298	116	80	145
4299	116	81	145
4300	116	81	152
4301	116	81	146
4302	116	81	145
4303	116	81	144
4304	116	81	145
4305	116	81	144
4306	116	81	146
4307	116	81	146
4308	116	81	144
4309	116	81	146
4310	116	80	143
4311	116	80	144
4312	116	80	144
4313	116	80	144
4314	116	81	138
4315	116	80	144
4316	116	80	147
4317	116	80	146
4318	116	80	146
4319	116	81	140
4320	116	80	143
4321	116	80	143
4322	116	80	144
4323	116	80	149
4324	116	81	143
4325	116	81	145
4326	116	81	143
4327	116	81	147
4328	116	80	148
4329	116	80	148
4330	116	81	147
4331	116	81	144
4332	116	80	144
4333	116	80	148
4334	116	80	149
4335	116	81	143
4336	116	80	146
4337	116	81	145
4338	116	81	144
4339	116	81	145
4340	116	81	145
4341	116	81	147
4342	116	81	146
4343	116	80	148
4344	116	80	149
4345	116	80	147
4346	116	81	141
4347	116	80	143
4348	116	80	147
4349	116	81	139
4350	116	80	157
4351	116	80	155
4352	116	80	155
4353	116	80	155
4354	116	80	154
4355	116	80	155
4356	116	80	152
4357	116	80	152
4358	116	80	151
4359	116	80	151
4360	116	80	150
4361	116	80	144
4362	116	80	149
4363	116	80	150
4364	116	80	151
4365	116	80	150
4366	116	81	140
4367	116	80	149
4368	116	80	150
4369	116	80	150
4370	116	81	140
4371	116	80	149
4372	116	80	149
4373	116	80	151
4374	116	80	149
4375	116	80	149
4376	116	80	149
4377	116	80	152
4378	116	80	149
4379	116	80	149
4380	116	80	152
4381	116	80	152
4382	116	80	149
4383	116	81	143
4384	115	80	152
4385	115	80	160
4386	116	80	155
4387	116	80	148
4388	117	80	149
4389	118	78	181
4390	118	74	176
4391	118	72	177
4392	116	64	169
4393	115	55	176
4394	113	51	176
4395	113	46	184
4396	114	46	186
4397	115	45	179
4398	115	45	172
4399	117	44	186
4400	117	43	186
4401	118	43	184
4402	118	43	174
4403	117	45	162
4404	115	44	181
4405	116	45	164
4406	116	44	169
4407	118	43	167
4408	118	42	172
4409	118	43	171
4410	118	42	174
4411	117	43	159
4412	117	43	152
4413	116	44	155
4414	117	41	133
4415	117	40	133
4416	117	40	140
4417	117	40	138
4418	118	39	135
4419	118	40	132
4420	119	39	124
4421	119	39	112
4422	120	40	139
4423	121	44	139
4424	122	45	140
4425	122	45	144
4426	120	44	147
4427	118	45	155
4428	116	47	155
4429	116	49	157
4430	114	56	167
4431	115	66	161
4432	115	75	169
4433	115	79	162
4434	115	82	158
4435	114	81	139
4436	107	83	177
4437	103	85	125
4438	102	85	116
4439	102	84	109
4440	102	84	111
4441	102	84	121
4442	102	84	122
4443	102	84	125
4444	102	84	118
4445	102	84	116
4446	102	84	115
4447	100	84	148
4448	101	84	152
4449	101	84	145
4450	102	84	125
4451	102	84	123
4452	102	84	113
4453	101	84	127
4454	101	84	135
4455	101	84	129
4456	101	84	130
4457	101	84	128
4458	102	84	125
4459	101	84	130
4460	100	84	147
4461	100	84	144
4462	100	84	144
4463	102	84	117
4464	102	84	118
4465	103	84	115
4466	102	84	112
4467	103	84	113
4468	102	84	118
4469	102	84	115
4470	102	84	115
4471	102	84	125
4472	101	84	129
4473	102	84	128
4474	102	84	127
4475	102	84	112
4476	99	86	133
4477	101	86	129
4478	99	87	144
4479	101	86	116
4480	101	86	119
4481	100	86	121
4482	101	86	124
4483	102	86	110
4484	102	86	106
4485	102	86	121
4486	101	86	126
4487	102	86	118
4488	102	85	117
4489	102	86	114
4490	102	86	116
4491	101	86	124
4492	101	86	131
4493	101	86	130
4494	101	86	114
4495	99	86	141
4496	99	86	139
4497	100	86	134
4498	100	86	139
4499	99	85	154
4500	100	85	140
4501	99	85	142
4502	99	85	146
4503	101	85	120
4504	101	86	114
4505	101	86	118
4506	101	85	120
4507	100	86	134
4508	100	86	128
4509	100	86	131
4510	101	85	114
4511	101	86	115
4512	101	86	109
4513	101	85	121
4514	101	85	113
4515	101	86	126
4516	101	85	113
4517	101	86	125
4518	101	86	125
4519	101	87	138
4520	101	86	133
4521	101	87	135
4522	101	86	121
4523	101	86	112
4524	101	85	108
4525	101	86	121
4526	101	86	120
4527	100	86	123
4528	101	85	110
4529	101	86	122
4530	101	85	126
4531	101	85	119
4532	101	86	116
4533	99	85	142
4534	99	85	138
4535	100	85	116
4536	99	85	135
4537	101	85	116
4538	100	85	124
4539	100	85	122
4540	100	85	126
4541	101	85	107
4542	101	85	109
4543	101	85	116
4544	101	85	113
4545	102	85	107
4546	101	86	129
4547	101	86	117
4548	101	86	117
4549	101	86	116
4550	101	87	137
4551	101	87	139
4552	101	87	136
4553	101	88	156
4554	101	87	146
4555	101	87	115
4556	100	88	88
4557	95	89	143
4558	88	91	136
4559	83	91	148
4560	77	92	147
4561	65	91	158
4562	60	90	150
4563	60	90	150
4564	59	89	155
4565	56	87	138
4566	58	86	149
4567	59	83	154
4568	61	79	158
4569	64	72	145
4570	66	69	137
4571	66	70	129
4572	66	70	136
4573	66	69	135
4574	66	69	138
4575	66	69	137
4576	67	69	142
4577	66	70	124
4578	66	69	129
4579	66	69	124
4580	66	68	126
4581	66	68	124
4582	66	69	122
4583	66	69	121
4584	66	69	114
4585	65	69	116
4586	66	68	123
4587	66	69	119
4588	66	68	122
4589	66	68	129
4590	66	68	125
4591	66	68	121
4592	66	67	117
4593	65	67	109
4594	66	65	90
4595	66	65	90
4596	67	64	81
4597	66	64	80
4598	66	64	81
4599	66	64	79
4600	66	64	83
4601	66	64	84
4602	66	64	83
4603	66	64	82
4604	66	64	85
4605	66	64	87
4606	66	64	84
4607	66	64	87
4608	66	64	84
4609	66	64	84
4610	66	64	84
4611	66	64	84
4612	66	64	87
4613	66	64	86
4614	66	64	86
4615	66	64	85
4616	66	64	86
4617	66	64	84
4618	66	64	83
4619	66	64	86
4620	66	64	84
4621	66	64	83
4622	66	64	82
4623	66	65	88
4624	66	64	83
4625	66	64	85
4626	66	64	85
4627	66	64	84
4628	66	64	84
4629	66	64	84
4630	66	64	83
4631	66	64	84
4632	66	64	83
4633	66	65	85
4634	66	65	91
4635	67	64	78
4636	66	64	85
4637	66	64	82
4638	66	64	82
4639	66	64	82
4640	66	64	80
4641	66	64	82
4642	66	64	80
4643	66	64	78
4644	66	64	80
4645	66	64	82
4646	66	65	92
4647	66	65	90
4648	67	65	75
4649	66	65	92
4650	66	65	91
4651	66	65	91
4652	66	65	93
4653	66	65	91
4654	66	65	92
4655	66	65	90
4656	66	65	92
4657	66	65	92
4658	66	65	92
4659	66	65	91
4660	66	65	92
4661	66	65	92
4662	66	65	91
4663	66	65	88
4664	66	65	88
4665	66	65	88
4666	66	65	88
4667	66	65	88
4668	66	65	91
4669	67	65	86
4670	67	65	86
4671	66	65	87
4672	66	65	87
4673	66	65	87
4674	66	65	89
4675	66	65	89
4676	66	65	89
4677	66	65	88
4678	66	65	89
4679	66	65	91
4680	66	65	89
4681	66	65	92
4682	66	65	89
4683	66	65	91
4684	66	65	91
4685	66	65	89
4686	66	65	94
4687	66	65	90
4688	66	65	90
4689	66	64	86
4690	66	65	88
4691	66	64	86
4692	66	64	85
4693	66	64	85
4694	66	65	88
4695	66	65	87
4696	66	65	87
4697	66	65	87
4698	66	65	87
4699	66	65	87
4700	66	65	87
4701	66	65	88
4702	66	65	88
4703	66	65	89
4704	66	65	88
4705	66	65	93
4706	66	65	91
4707	66	65	93
4708	66	65	92
4709	66	65	92
4710	66	65	89
4710	68	55	41	f
4711	66	65	90
4711	67	56	32	f
4712	66	65	86
4712	68	55	40	f
4713	66	65	88
4713	70	56	47	f
4714	66	64	79
4714	70	57	47	f
4715	66	64	79
4715	70	56	49	f
4716	66	64	82
4716	68	56	38	f
4717	66	64	83
4717	68	55	43	f
4718	66	64	82
4718	67	54	46	f
4719	66	64	78
4719	67	54	47	f
4720	66	64	75
4720	67	55	35	f
4721	67	64	75
4722	67	64	82
4722	62	53	39	f
4723	67	64	72
4723	67	56	30	f
4724	67	64	75
4724	67	55	32	f
4725	67	64	68
4725	67	56	35	f
4726	67	64	70
4726	67	55	38	f
4727	67	64	73
4727	68	55	39	f
4728	67	64	73
4728	68	56	34	f
4729	66	64	75
4729	67	55	32	f
4730	67	64	70
4731	67	64	71
4731	67	56	32	f
4732	67	65	73
4733	67	64	81
4734	67	64	74
4735	67	64	76
4736	67	65	74
4737	67	65	78
4738	67	65	76
4739	67	65	79
4740	67	65	89
4741	67	65	84
4742	67	65	82
4743	67	65	90
4744	66	65	87
4745	67	65	88
4746	66	65	86
4747	67	65	87
4748	67	65	86
4749	66	65	88
4750	66	65	88
4751	67	65	89
4752	67	65	88
4753	66	65	88
4754	66	65	88
4755	66	65	88
4756	66	65	88
4757	66	65	88
4758	67	65	85
4759	67	65	87
4760	67	65	86
4761	67	65	86
4762	67	64	85
4763	67	65	81
4764	67	65	88
4765	67	65	87
4766	67	65	87
4767	67	65	87
4768	67	65	89
4769	67	65	94
4770	67	65	85
4771	67	65	89
4772	67	65	88
4773	67	65	87
4774	67	65	89
4775	67	65	86
4776	67	65	86
4777	67	65	84
4778	67	65	86
4779	67	65	81
4780	67	65	85
4781	67	65	82
4782	67	65	81
4783	67	65	86
4784	67	65	86
4785	67	65	86
4786	67	65	84
4787	66	65	88
4788	66	64	81
4789	66	65	88
4790	67	65	82
4791	66	65	85
4792	66	65	85
4793	67	65	80
4794	66	65	87
4795	66	65	87
4796	66	65	88
4797	66	65	88
4798	66	65	89
4799	66	65	88
4800	66	65	89
4801	66	65	89
4802	66	65	89
4803	66	65	89
4804	66	65	89
4805	66	65	89
4806	66	65	89
4807	66	65	89
4808	66	65	89
4809	66	65	89
4810	66	65	88
4811	67	65	88
4812	67	65	85
4813	67	65	85
4814	67	65	85
4815	66	65	88
4816	66	65	88
4817	66	65	88
4818	66	65	88
4819	66	65	88
4820	66	65	88
4821	66	65	89
4822	66	65	89
4823	66	65	89
4824	66	65	89
4825	66	65	89
4826	66	65	89
4827	66	65	89
4828	66	65	89
4829	66	65	89
4830	66	65	89
4831	66	65	89
4832	66	65	89
4833	66	65	89
4834	66	65	91
4835	66	65	91
4836	66	65	88
4837	66	65	89
4838	66	65	88
4839	66	65	89
4840	66	65	88
4841	66	65	88
4842	66	65	88
4843	66	65	88
4844	66	65	88
4845	66	65	88
4846	66	65	88
4847	66	65	87
4848	66	65	87
4849	66	65	87
4850	66	65	87
4851	66	65	87
4852	66	65	87
4853	66	65	87
4854	66	65	89
4855	66	65	89
4856	66	65	90
4857	67	65	85
4858	67	65	85
4859	66	65	91
4860	66	65	84
4861	66	65	83
4862	66	65	91
4863	67	65	90
4864	66	65	89
4865	66	65	91
4866	66	65	91
4867	66	65	91
4868	66	65	91
4869	66	65	91
4870	66	65	91
4871	66	65	90
4872	66	65	91
4873	66	65	91
4874	66	65	91
4875	66	65	91
4876	66	65	91
4877	66	65	91
4878	66	65	91
4879	66	65	91
4880	66	65	91
4881	66	65	91
4882	66	65	91
4883	66	65	91
4884	66	65	91
4885	66	65	91
4886	66	65	91
4887	66	65	91
4888	66	65	91
4889	66	65	91
4890	66	65	91
4891	66	65	91
4892	66	65	90
4893	66	65	91
4894	66	65	91
4895	66	65	91
4896	66	65	91
4897	66	65	91
4898	66	65	91
4899	66	65	91
4900	66	65	81
4901	66	65	84
4902	67	65	85
4903	66	65	84
4904	66	65	83
4905	66	65	83
4906	66	65	85
4907	66	65	84
4908	66	65	84
4909	66	65	85
4910	66	65	85
4911	66	65	85
4912	66	65	85
4913	66	65	83
4914	66	65	85
4915	66	65	83
4916	66	65	84
4917	66	65	83
4918	66	65	83
4919	66	65	84
4920	66	65	85
4921	66	65	88
4922	66	65	94
4923	66	65	88
4924	66	65	89
4925	66	65	91
4926	66	65	88
4927	66	65	91
4928	66	65	94
4929	66	65	91
4930	66	65	96
4931	66	66	118
4932	66	66	125
4933	67	66	98
4934	67	65	98
4935	67	65	98
4936	67	65	97
4937	67	65	99
4938	67	65	96
4939	67	65	97
4940	67	66	92
4941	67	65	99
4942	67	66	94
4943	67	66	98
4944	67	66	96
4945	67	66	91
4946	67	66	95
4947	67	66	90
4948	67	65	87
4949	67	65	83
4949	68	57	30	f
4950	67	65	75
4950	68	55	49	f
4951	67	64	67
4951	69	55	57	f
4952	67	64	64
4952	68	55	56	f
4953	68	54	72
4954	67	49	97
4955	68	43	99
4956	68	40	138
4957	68	37	141
4958	68	30	161
4959	62	24	162
4960	60	23	151
4961	58	19	170
4962	58	20	158
4963	54	19	154
4964	51	20	184
4965	46	21	151
4966	44	20	132
4967	44	21	136
4968	42	22	114
4969	41	22	98
4970	42	22	105
4971	41	20	137
4972	41	19	146
4973	42	19	143
4974	43	21	111
4975	41	22	90
4976	41	22	92
4977	41	22	98
4978	41	22	98
4979	41	20	129
4980	42	18	148
4981	42	18	154
4982	43	19	136
4983	42	20	142
4984	42	19	148
4985	42	20	123
4986	43	21	109
4987	43	21	110
4988	42	21	106
4989	42	20	117
4990	43	21	106
4991	41	21	78
4992	41	21	85
4993	40	21	81
4994	40	21	80
4995	41	21	88
4996	41	20	81
4997	40	20	80
4998	40	20	86
4999	41	20	99
5000	41	20	99
5001	41	20	98
5002	41	20	100
5003	40	21	82
5004	39	21	58
5005	39	21	55
5006	39	21	55
5007	38	22	44
5008	38	22	NP
5009	38	22	38
5010	40	20	83
5011	39	20	89
5012	40	20	91
5013	40	20	85
5014	40	19	96
5015	40	20	107
5016	40	21	120
5017	48	22	143
5018	50	21	137
5019	57	21	153
5020	63	24	161
5021	67	26	151
5022	68	30	143
5023	68	32	140
5024	69	33	135
5025	69	33	142
5026	69	33	139
5027	69	33	138
5028	69	33	136
5029	69	33	135
5030	69	33	139
5031	69	33	135
5032	69	33	134
5033	69	33	138
5034	69	33	140
5035	69	33	136
5036	69	33	136
5037	69	33	140
5038	70	37	135
5039	72	46	144
5040	71	50	135
5041	71	52	121
5042	71	51	119
5043	70	53	99
5044	70	54	92
5045	70	53	110
5046	70	53	107
5047	71	52	110
5048	71	52	109
5049	69	53	96
5050	69	54	88
5051	71	54	106
5052	71	50	140
5053	71	46	140
5054	71	46	129
5055	71	47	129
5056	71	47	123
5057	72	47	134
5058	72	46	140
5059	72	47	129
5060	72	48	115
5061	71	49	112
5062	71	47	141
5063	71	46	139
5064	71	46	141
5065	71	47	135
5066	67	44	140
5067	67	41	106
5068	67	40	120
5069	67	38	116
5070	67	39	128
5071	65	33	80
5071	60	26	41	f
5072	64	30	123
5073	64	28	121
5074	61	24	153
5075	57	17	140
5076	55	16	160
5077	54	15	162
5078	54	15	162
5079	54	15	165
5080	54	16	159
5081	54	16	151
5082	53	16	156
5083	54	16	154
5084	53	17	164
5085	50	17	167
5086	44	19	134
5087	39	19	64
5088	39	19	NP
5089	39	19	NP
5090	39	19	NP
5091	39	19	NP
5092	17	33	43
5093	18	35	85
5094	20	39	142
5095	22	50	150
5096	22	60	158
5097	22	67	161
5098	22	79	159
5099	20	88	161
5100	17	89	172
5101	17	89	165
5102	17	88	143
5103	18	88	147
5104	18	88	147
5105	18	88	147
5106	19	87	145
5107	19	88	150
5108	18	87	134
5109	19	87	146
5110	23	87	135
5111	32	89	131
5112	43	89	98
5113	49	86	144
5114	56	84	145
5115	59	82	159
5116	65	76	170
5117	67	72	164
5118	68	71	138
5119	68	71	142
5120	68	71	132
5121	68	71	141
5122	69	67	98
5123	69	67	103
5124	69	67	105
5125	69	67	112
5126	69	66	95
5127	69	66	100
5128	69	66	100
5129	69	67	105
5130	68	66	128
5131	69	66	119
5132	69	66	92
5133	69	65	80
5133	68	57	30	f
5134	69	64	62
5134	72	56	51	f
5135	69	64	60
5136	66	64	62
5136	70	58	33	f
5137	69	64	89
5138	69	65	105
5139	72	70	161
5140	72	76	160
5141	73	79	148
5142	73	83	147
5143	73	83	150
5144	74	83	165
5145	76	83	167
5146	78	84	168
5147	78	84	153
5148	80	84	179
5149	81	83	175
5150	81	83	170
5151	82	83	166
5152	81	83	161
5153	81	83	160
5154	83	83	178
5155	82	83	170
5156	80	83	156
5157	81	86	166
5158	86	89	146
5159	86	88	129
5160	86	89	136
5161	86	88	130
5162	86	88	130
5163	86	88	130
5164	86	88	132
5165	87	88	150
5166	87	88	131
5167	88	88	114
5168	89	89	119
5169	86	88	156
5170	86	88	152
5171	87	88	158
5172	87	88	155
5173	87	88	152
5174	87	88	162
5175	88	88	159
5176	88	88	159
5177	88	88	152
5178	87	86	135
5179	87	87	128
5180	86	86	128
5181	85	86	131
5182	86	86	133
5183	86	86	134
5184	87	86	135
5185	87	87	138
5186	88	88	133
5187	88	86	142
5188	87	87	151
5189	86	86	149
5190	81	85	149
5191	80	86	152
5192	77	88	144
5193	76	89	157
5194	77	89	156
5195	76	89	149
5196	76	88	162
5197	76	89	159
5198	76	89	159
5199	77	88	142
5200	76	88	148
5201	78	89	156
5202	80	88	157
5203	80	89	174
5204	82	90	169
5205	82	89	163
5206	80	89	140
5207	78	89	143
5208	78	91	161
5209	77	92	163
5210	77	91	161
5211	78	91	151
5212	78	90	141
5213	77	90	149
5214	77	90	150
5215	77	90	152
5216	77	90	148
5217	75	92	158
5218	72	93	176
5219	71	92	165
5220	68	92	148
5221	66	92	156
5222	65	93	156
5223	65	93	162
5224	65	93	155
5225	67	92	161
5226	67	92	154
5227	67	91	147
5228	61	91	148
5229	55	92	161
5230	52	92	153
5231	51	92	164
5232	52	92	166
5233	52	92	165
5234	51	92	156
5235	50	90	173
5236	46	88	156
5237	47	88	147
5238	48	85	137
5239	49	85	132
5240	51	85	143
5241	54	84	144
5242	54	83	159
5243	55	83	162
5244	56	83	153
5245	58	83	153
5246	63	81	157
5247	66	79	162
5248	68	77	157
5249	68	77	154
5250	68	77	140
5251	69	79	147
5252	70	80	172
5253	70	80	159
5254	70	79	146
5255	70	79	121
5256	70	78	116
5257	71	78	130
5258	71	79	134
5259	68	79	131
5260	67	77	163
5261	67	72	145
5262	67	68	112
5263	67	68	119
5264	67	68	118
5265	67	68	111
5266	67	68	108
5267	67	68	120
5268	66	67	109
5269	66	65	78
5270	66	44	81
5270	62	50	38	f
5271	64	39	122
5272	66	29	138
5273	67	21	126
5274	75	17	165
5275	79	17	165
5276	83	19	173
5277	85	17	155
5278	94	16	165
5279	100	17	158
5280	100	17	151
5281	100	17	151
5282	100	17	151
5283	105	18	171
5284	113	20	175
5285	115	21	167
5286	114	20	169
5287	114	18	177
5288	114	18	169
5289	114	17	180
5290	115	16	180
5291	116	16	189
5292	116	16	185
5293	115	17	173
5294	116	17	170
5295	115	16	174
5296	115	16	174
5297	115	16	174
5298	115	16	174
5299	114	17	164
5300	114	18	166
5301	114	20	156
5302	113	21	154
5303	113	21	153
5304	113	21	155
5305	114	21	164
5306	113	20	156
5307	113	18	164
5308	115	16	182
5309	115	16	181
5310	115	16	181
5311	116	16	179
5312	116	16	172
5313	116	16	178
5314	115	16	186
5315	115	16	185
5316	111	19	149
5317	110	20	153
5318	110	21	147
5319	110	21	146
5320	111	23	151
5321	114	28	151
5322	116	40	156
5323	116	49	161
5324	114	64	165
5325	114	73	173
5326	113	81	170
5327	108	86	178
5328	104	88	147
5329	100	88	141
5330	97	89	124
5331	97	89	123
5332	97	89	129
5333	97	89	130
5334	97	89	128
5335	97	89	126
5336	98	89	118
5337	97	89	129
5338	97	89	122
5339	98	89	114
5340	100	88	99
5341	100	88	104
5342	100	88	99
5343	100	89	105
5344	100	89	105
5345	99	89	125
5346	98	88	120
5347	100	89	101
5348	97	88	120
5349	97	89	124
5350	95	89	131
5351	95	88	120
5352	95	88	124
5353	96	88	112
5354	96	88	123
5355	96	89	127
5356	96	88	121
5357	97	88	123
5358	99	87	106
5359	98	88	110
5360	99	88	123
5361	99	88	125
5362	100	88	140
5363	100	87	110
5364	99	87	111
5365	99	88	116
5366	99	88	120
5367	100	88	137
5368	100	87	118
5369	102	88	144
5370	102	89	154
5371	104	90	149
5372	107	88	167
5373	111	84	160
5374	114	79	156
5375	114	79	159
5376	114	77	165
5377	116	73	163
5378	117	66	140
5379	118	60	168
5380	118	48	172
5381	118	45	158
5382	116	43	168
5383	116	42	167
5384	116	42	164
5385	117	43	169
5386	117	43	154
5387	117	43	156
5388	116	42	162
5389	116	43	162
5390	117	43	149
5391	119	43	176
5392	119	46	142
5393	119	48	140
5394	119	49	127
5395	118	49	135
5396	119	49	140
5397	118	49	142
5398	117	50	145
5399	117	58	156
5400	116	69	170
5401	112	82	164
5402	104	85	133
5403	98	86	122
5404	94	87	138
5405	84	88	147
5406	79	87	143
5407	74	86	152
5408	72	85	162
5409	71	83	165
5410	65	73	157
5411	65	71	150
5412	66	70	170
5413	66	70	171
5414	66	70	158
5415	65	71	145
5416	65	71	140
5417	65	72	130
5418	65	71	137
5419	65	70	139
5420	65	70	139
5421	65	70	136
5422	65	70	140
5423	66	70	144
5424	67	67	117
5425	66	66	102
5426	66	66	106
5427	66	66	106
5428	66	67	103
5429	66	67	104
5430	67	67	103
5431	67	67	103
5432	67	67	111
5433	67	67	121
5434	66	67	118
5435	66	67	123
5436	66	67	131
5437	66	67	133
5438	66	68	125
5439	67	67	101
5440	67	67	109
5441	67	65	86
5441	68	55	46	f
5442	67	65	76
5442	69	55	60	f
5443	69	54	70
5443	69	64	57	f
5444	69	54	79
5444	69	63	38	f
5445	68	50	132
5446	67	37	126
5447	65	29	131
5448	63	23	129
5449	56	18	168
5450	54	16	154
5451	53	16	159
5452	52	16	158
5453	48	18	158
5454	41	20	95
5455	41	20	NP
5456	15	25	36
5457	15	25	31
5458	15	25	30
5459	15	25	NP
5460	13	33	40
5461	16	37	114
5462	16	47	160
5463	16	59	162
5464	18	70	157
5465	20	75	154
5466	20	76	167
5467	25	83	148
5468	31	86	89
5469	30	86	77
5470	35	86	120
5471	37	86	134
5472	39	85	130
5473	40	85	143
5474	43	84	104
5475	43	84	131
5476	43	85	143
5477	42	87	103
5478	41	88	85
5479	41	88	79
5480	41	87	80
5481	42	88	99
5482	42	87	117
5483	42	87	124
5484	42	87	112
5485	43	89	132
5486	45	89	148
5487	47	89	158
5488	56	84	155
5489	58	84	158
5490	68	75	172
5491	69	71	144
5492	69	71	148
5493	69	71	135
5494	69	71	144
5495	69	71	143
5496	69	70	148
5497	69	70	148
5498	69	70	148
5499	69	70	151
5500	69	71	144
5501	70	69	140
5502	71	68	126
5503	70	67	110
5504	69	65	94
5504	61	57	32	f
5505	69	65	92
5505	61	57	32	f
5506	70	65	86
5507	70	65	118
5508	70	65	120
5509	70	65	133
5510	71	65	105
5511	70	65	96
5512	69	64	64
5512	68	56	38	f
5513	67	50	99
5514	63	40	121
5515	66	28	139
5516	72	21	178
5517	74	19	162
5518	74	18	170
5519	74	18	170
5520	74	17	184
5521	75	17	190
5522	75	17	186
5523	73	19	167
5524	74	20	164
5525	74	21	166
5526	74	21	168
5527	73	21	157
5528	74	21	165
5529	74	20	170
5530	74	21	168
5531	74	21	178
5532	73	20	154
5533	73	20	149
5534	72	20	154
5535	70	18	147
5536	70	21	127
5537	69	23	151
5538	64	20	160
5539	60	16	155
5540	60	18	158
5541	59	18	158
5542	60	18	153
5543	61	18	134
5544	61	18	142
5545	59	19	145
5546	59	19	137
5547	59	19	135
5548	58	19	145
5549	58	18	146
5550	58	18	151
5551	58	18	149
5552	59	18	142
5553	61	18	141
5554	60	18	150
5555	59	17	156
5556	56	16	173
5557	57	16	152
5558	59	16	154
5559	60	17	147
5560	62	17	146
5561	64	17	152
5562	70	15	186
5563	70	15	188
5564	72	13	163
5565	74	13	143
5566	74	11	118
5567	75	11	136
5568	75	11	134
5569	71	17	121
5570	71	19	135
5571	71	21	144
5572	66	21	162
5573	63	20	164
5574	61	20	140
5575	61	20	145
5576	61	20	139
5577	61	20	135
5578	61	20	136
5579	62	20	129
5580	61	20	135
5581	61	20	139
5582	60	20	136
5583	60	20	161
5584	60	20	150
5585	60	20	143
5586	60	20	141
5587	60	20	146
5588	60	20	146
5589	60	19	139
5590	60	20	151
5591	60	19	147
5592	60	19	139
5593	60	19	145
5594	60	19	136
5595	60	20	146
5596	60	19	142
5597	60	20	148
5598	59	20	152
5599	58	20	148
5600	56	19	154
5601	54	20	152
5602	53	20	155
5603	52	20	167
5604	52	20	161
5605	50	21	131
5606	48	20	134
5607	47	20	110
5608	43	20	145
5609	31	16	132
5610	29	16	130
5611	22	17	157
5612	20	17	150
5613	20	16	147
5614	22	17	132
5615	21	16	146
5616	20	16	160
5617	19	16	162
5618	19	16	168
5619	19	17	166
5620	19	17	164
5621	19	17	162
5622	19	17	167
5623	19	17	154
5624	20	16	165
5625	18	15	168
5626	23	15	134
5627	25	14	120
5628	24	16	113
5629	23	16	128
5630	23	16	133
5631	22	16	142
5632	20	16	168
5633	20	15	169
5634	20	15	175
5635	20	15	166
5636	20	16	174
5637	20	16	180
5638	24	16	128
5639	23	19	37
5639	19	33	34	f
5640	19	34	50
5641	20	39	121
5642	21	48	134
5643	22	57	148
5644	22	68	154
5645	26	86	163
5646	30	89	118
5647	30	90	112
5648	32	91	128
5649	31	91	84
5650	37	91	126
5651	42	91	58
5651	33	92	39	f
5652	42	90	67
5652	33	92	40	f
5653	42	90	74
5653	33	92	39	f
5654	43	91	75
5654	33	92	36	f
5655	39	92	136
5656	39	92	136
5657	38	91	127
5658	36	91	106
5659	36	91	107
5660	36	91	105
5661	36	91	104
5662	38	90	115
5663	39	90	118
5664	43	88	107
5665	51	85	155
5666	55	84	164
5667	57	83	157
5668	65	77	171
5669	70	70	146
5670	69	71	154
5671	69	71	156
5672	70	70	163
5673	70	70	167
5674	69	71	131
5675	69	70	122
5676	67	71	148
5677	67	71	148
5678	68	71	139
5679	69	71	135
5680	69	71	146
5681	69	71	149
5682	69	70	144
5683	69	70	152
5684	69	70	135
5685	69	70	141
5686	69	70	136
5687	69	71	145
5688	69	71	146
5689	69	72	146
5690	67	73	144
5691	67	74	133
5692	69	76	143
5693	70	76	162
5694	70	76	173
5695	70	76	166
5696	69	76	165
5697	69	76	167
5698	68	76	171
5699	66	75	154
5700	66	76	152
5701	67	77	171
5702	67	78	167
5703	67	78	174
5704	67	79	178
5705	68	79	170
5706	68	79	171
5707	68	79	170
5708	68	79	166
5709	69	79	181
5710	74	81	160
5711	78	82	170
5712	82	83	169
5713	82	84	163
5714	82	84	155
5715	82	84	150
5716	82	83	161
5717	82	83	168
5718	82	83	174
5719	81	84	159
5720	81	85	164
5721	85	88	156
5722	85	88	135
5723	82	90	159
5724	79	91	148
5725	68	92	159
5726	57	92	159
5727	53	92	153
5728	49	90	153
5729	48	88	145
5730	47	87	124
5731	47	88	128
5732	50	86	148
5733	51	84	148
5734	53	84	150
5735	60	82	154
5736	63	80	158
5737	64	77	151
5738	66	74	146
5739	67	72	137
5740	67	69	129
5741	68	68	103
5742	67	68	100
5743	67	67	99
5744	67	67	101
5745	67	67	97
5746	67	67	96
5747	67	68	107
5748	67	68	101
5749	68	68	103
5750	68	67	106
5751	68	67	107
5752	68	67	107
5753	68	68	107
5754	68	67	101
5755	68	67	102
5756	68	68	104
5757	68	67	99
5758	68	68	96
5759	67	67	104
5760	67	67	104
5761	67	67	105
5762	67	67	106
5763	68	67	103
5764	67	67	105
5765	67	67	105
5766	68	68	104
5767	68	68	112
5768	68	68	114
5769	68	68	110
5770	67	68	112
5771	68	68	116
5772	68	68	99
5773	68	68	98
5774	67	68	105
5775	68	68	105
5776	68	68	112
5777	68	68	115
5778	68	68	114
5779	67	68	115
5780	68	68	108
5781	67	68	104
5782	67	68	103
5783	67	68	105
5784	67	68	105
5785	67	68	101
5786	67	68	105
5787	68	68	110
5788	68	68	108
5789	67	68	105
5790	68	68	108
5791	68	68	111
5792	67	68	109
5793	68	68	103
5794	68	68	96
5795	68	68	105
5796	68	68	105
5797	68	68	106
5798	68	68	109
5799	68	68	110
5800	68	68	109
5801	68	68	103
5802	68	68	110
5803	68	68	110
5804	68	68	105
5805	68	68	106
5806	68	68	102
5807	68	68	102
5808	68	68	104
5809	68	68	112
5810	68	68	109
5811	68	68	110
5812	68	68	112
5813	68	68	115
5814	68	68	119
5815	68	68	114
5816	68	68	113
5817	68	68	112
5818	68	68	107
5819	68	68	105
5820	68	68	108
5821	68	68	125
5822	68	69	118
5823	68	69	110
5824	68	69	118
5825	68	68	122
5826	68	68	121
5827	68	68	117
5828	68	68	122
5829	68	68	123
5830	68	68	119
5831	68	68	121
5832	68	68	120
5833	68	68	115
5834	68	68	111
5835	68	68	108
5836	68	68	110
5837	68	68	114
5838	68	68	114
5839	68	68	114
5840	68	68	114
5841	68	68	114
5842	68	68	111
5843	68	68	116
5844	68	68	115
5845	68	68	115
5846	68	68	115
5847	68	68	115
5848	68	68	115
5849	68	68	116
5850	68	68	116
5851	68	68	116
5852	68	68	117
5853	68	68	116
5854	68	68	115
5855	68	68	114
5856	67	68	109
5857	68	68	114
5858	68	68	117
5859	68	68	120
5860	68	68	119
5861	68	68	121
5862	68	68	118
5863	68	68	111
5864	68	68	110
5865	68	68	110
5866	68	68	113
5867	68	68	115
5868	68	68	110
5869	68	68	116
5870	68	68	119
5871	68	68	115
5872	68	68	117
5873	68	68	117
5874	68	68	118
5875	68	68	118
5876	68	68	118
5877	68	68	121
5878	68	68	118
5879	68	68	120
5880	68	68	119
5881	68	68	116
5882	68	68	118
5883	68	68	110
5884	68	68	110
5885	68	68	109
5886	68	68	110
5887	68	68	113
5888	68	68	113
5889	68	68	113
5890	68	68	109
5891	68	68	110
5892	68	68	111
5893	68	68	117
5894	68	68	121
5895	68	68	109
5896	68	68	114
5897	68	68	116
5898	68	68	116
5899	68	68	119
5900	68	68	123
5901	68	68	119
5902	68	68	118
5903	68	68	117
5904	68	68	115
5905	68	68	118
5906	68	68	119
5907	68	68	113
5908	68	68	119
5909	68	68	119
5910	68	68	120
5911	68	68	119
5912	68	68	119
5913	68	68	119
5914	68	68	118
5915	68	68	116
5916	68	68	124
5917	68	68	117
5918	68	68	121
5919	68	68	116
5920	68	68	120
5921	68	68	120
5922	68	68	124
5923	68	69	124
5924	68	69	125
5925	68	68	113
5926	68	68	123
5927	68	68	113
5928	68	68	116
5929	68	68	116
5930	68	68	117
5931	68	68	114
5932	68	68	113
5933	68	68	115
5934	68	68	116
5935	68	68	115
5936	68	68	117
5937	68	68	117
5938	68	68	119
5939	68	68	119
5940	68	68	119
5941	68	68	121
5942	68	68	120
5943	68	68	115
5944	68	68	115
5945	68	68	118
5946	68	68	119
5947	68	68	121
5948	68	68	120
5949	68	68	119
5950	68	68	123
5951	68	68	123
5952	68	68	124
5953	68	68	122
5954	68	68	126
5955	68	68	120
5956	68	68	114
5957	67	69	114
5958	67	69	110
5959	67	69	109
5960	67	69	106
5961	67	69	104
5962	67	69	108
5963	67	68	106
5964	67	68	121
5965	66	68	124
5966	67	68	113
5967	67	68	117
5968	67	68	117
5969	67	68	119
5970	67	68	128
5971	67	66	113
5972	67	65	98
5973	67	65	121
5974	67	65	127
5975	68	67	150
5976	69	68	159
5977	72	72	178
5978	73	75	165
5979	74	80	156
5980	74	80	141
5981	75	81	158
5982	82	88	168
5983	86	89	145
5984	85	89	136
5985	85	88	143
5986	86	88	145
5987	86	88	148
5988	86	88	146
5989	86	88	140
5990	86	88	135
5991	85	88	127
5992	85	88	125
5993	85	88	136
5994	84	88	132
5995	84	88	138
5996	85	87	147
5997	88	86	125
5998	88	86	121
5999	88	87	121
6000	88	87	122
6001	88	86	136
6002	86	85	150
6003	83	84	150
6004	81	83	138
6005	79	85	149
6006	75	88	161
6007	75	88	165
6008	75	88	156
6009	75	88	158
6010	75	88	150
6011	75	88	153
6012	76	88	160
6013	76	88	162
6014	77	90	159
6015	78	91	157
6016	83	92	156
6017	84	91	131
6018	89	88	125
6019	89	87	126
6020	87	87	145
6021	87	87	138
6022	84	86	140
6023	81	85	146
6024	77	85	150
6025	72	85	146
6026	65	85	151
6027	59	87	148
6028	56	88	157
6029	56	88	154
6030	56	88	148
6031	56	88	155
6032	52	89	145
6033	50	91	158
6034	50	90	152
6035	50	90	149
6036	47	88	135
6037	46	87	132
6038	46	87	149
6039	46	87	143
6040	46	87	144
6041	46	86	151
6042	46	86	161
6043	46	86	161
6044	46	86	154
6045	46	87	151
6046	46	87	152
6047	46	87	144
6048	46	87	159
6049	46	86	155
6050	46	87	145
6051	46	88	140
6052	46	86	161
6053	46	86	161
6054	46	86	160
6055	46	87	142
6056	46	87	136
6057	46	87	133
6058	46	87	127
6059	46	87	132
6060	46	87	139
6061	46	87	139
6062	46	87	137
6063	46	87	148
6064	46	87	153
6065	47	87	125
6066	47	86	125
6067	50	86	152
6068	52	84	147
6069	55	84	151
6070	57	83	137
6071	61	82	146
6072	62	81	148
6073	64	81	151
6074	68	80	139
6075	69	81	153
6076	71	82	181
6077	71	81	176
6078	70	82	170
6079	69	82	163
6080	69	82	166
6081	69	82	162
6082	69	82	176
6083	69	82	166
6084	69	82	169
6085	70	82	161
6086	70	82	155
6087	70	82	165
6088	71	82	169
6089	71	82	187
6090	71	82	178
6091	71	82	192
6092	71	82	191
6093	72	82	192
6094	70	82	178
6095	70	82	181
6096	70	82	182
6097	70	82	178
6098	68	82	146
6099	67	82	141
6100	67	82	140
6101	66	81	145
6102	65	78	141
6103	65	71	142
6104	65	69	126
6105	62	51	70
6106	65	40	104
6107	63	31	131
6108	63	31	137
6109	63	30	148
6110	61	24	159
6111	55	19	140
6112	55	19	132
6113	55	19	133
6114	55	19	141
6115	54	19	148
6116	48	18	138
6117	42	21	107
6118	41	20	96
6119	41	20	85
6120	41	21	77
6121	40	22	70
