Slice	X	Y	AREA
0	0	0	NP
1	67	72	160
2	67	71	149
3	66	68	136
4	66	68	138
5	66	68	153
6	66	68	148
7	66	68	145
8	67	68	123
9	67	68	118
10	67	68	124
11	67	67	105
12	67	54	73
12	66	64	58	f
13	69	51	126
14	68	52	101
15	69	52	124
16	69	49	143
17	67	46	162
18	67	42	141
19	65	37	136
20	64	32	139
21	66	30	168
22	64	29	162
23	62	25	164
24	60	20	171
25	61	21	152
26	62	23	144
27	62	24	146
28	63	24	125
29	63	21	149
30	63	19	137
31	67	17	155
32	70	14	159
33	72	16	148
34	76	14	158
35	77	15	160
36	74	14	130
37	77	14	156
38	78	14	159
39	81	15	163
40	89	17	109
40	79	15	36	f
41	89	18	114
41	79	15	30	f
42	88	17	105
42	79	14	37	f
43	89	18	144
44	89	17	122
45	90	16	135
46	96	14	149
47	96	14	149
48	99	13	148
49	104	14	141
50	110	13	117
51	111	12	127
52	112	13	136
53	112	13	134
54	112	13	132
55	113	13	140
56	113	13	144
57	108	13	38
58	99	21	43
58	103	11	32	f
59	94	13	120
60	92	14	130
61	91	15	150
62	91	16	138
63	91	16	135
64	91	14	131
65	91	14	138
66	92	15	146
67	91	17	160
68	92	19	146
69	96	21	119
70	96	21	NP
71	117	27	30
72	120	32	38
73	119	35	81
74	120	37	127
75	120	46	165
76	118	54	171
77	115	70	172
78	114	82	169
79	116	85	161
80	118	88	161
81	118	87	160
82	117	86	157
83	118	87	165
84	117	86	147
85	114	85	161
86	108	88	175
87	103	90	126
88	92	90	158
89	82	89	151
90	76	90	156
91	75	90	163
92	69	91	173
93	65	87	169
94	64	87	152
95	66	86	148
96	65	82	158
97	65	75	170
98	65	73	165
99	67	71	160
100	67	71	151
101	67	71	153
102	67	71	157
103	67	70	159
104	67	70	158
105	68	69	138
106	67	68	133
107	67	68	131
108	67	68	130
109	67	68	128
110	67	68	129
111	67	68	142
112	67	68	137
113	67	68	126
114	67	68	126
115	67	68	135
116	67	67	112
117	67	67	113
118	66	67	139
119	66	67	145
120	66	67	143
121	66	67	137
122	67	67	118
123	67	66	93
124	67	65	86
125	67	65	81
125	70	57	38	f
126	67	64	73
126	70	57	47	f
127	67	64	76
127	70	57	39	f
128	70	56	69
128	68	63	45	f
129	70	54	96
130	68	44	142
131	66	34	155
132	65	29	164
133	62	25	161
134	59	21	156
135	56	18	118
136	56	18	112
137	55	18	114
138	56	19	110
139	52	17	148
140	43	17	149
141	32	15	161
142	25	14	185
143	21	14	183
144	21	14	182
145	21	14	190
146	22	14	180
147	20	13	190
148	22	13	181
149	27	14	150
150	28	14	146
151	26	16	173
152	21	21	170
153	18	25	153
154	17	29	170
155	16	35	140
156	17	43	157
157	20	49	161
158	21	57	155
159	22	73	166
160	22	82	163
161	24	85	153
162	24	86	138
163	29	89	117
164	30	90	88
164	41	91	54	f
165	42	90	73
165	33	92	53	f
166	43	88	118
167	51	85	161
168	55	84	169
169	59	84	148
170	65	87	177
171	69	88	187
172	77	91	174
173	82	91	153
174	84	90	157
175	85	89	160
176	85	89	159
177	85	89	139
178	85	90	135
179	86	89	141
180	88	88	134
181	87	90	146
182	83	92	149
183	82	93	142
184	81	93	138
185	82	93	140
186	82	93	150
187	79	93	175
188	73	93	178
189	67	92	163
190	63	92	159
191	55	93	172
192	51	93	158
193	51	93	163
194	52	92	158
195	51	92	154
196	51	93	163
197	52	92	158
198	48	89	161
199	46	87	145
200	46	87	147
201	45	87	154
202	46	88	139
203	46	88	137
204	46	88	140
205	46	88	139
206	46	88	152
207	46	88	141
208	47	88	149
209	47	88	148
210	47	89	154
211	48	89	159
212	50	88	159
213	50	86	156
214	53	85	171
215	64	79	173
216	68	76	162
217	71	71	158
218	70	70	142
219	71	67	111
219	69	57	30	f
220	70	65	80
220	70	55	53	f
221	68	52	108
222	67	44	150
223	65	31	130
224	65	32	126
225	62	24	173
226	60	19	166
227	60	19	156
228	60	19	164
229	59	18	168
230	59	18	166
231	60	20	145
232	61	21	165
233	66	17	144
234	69	15	156
235	72	14	137
236	73	15	125
237	78	13	169
238	75	15	114
238	85	11	47	f
239	73	15	105
240	74	15	129
241	74	15	128
242	74	16	129
243	72	16	125
244	73	15	145
245	72	16	134
246	72	16	130
247	73	16	126
248	73	16	120
249	74	16	125
250	74	16	127
251	75	17	126
252	83	18	151
253	86	19	158
254	91	18	109
255	94	18	71
255	107	13	35	f
256	95	18	64
256	107	12	41	f
257	95	19	50
258	114	17	60
259	117	16	118
260	117	16	109
261	117	16	106
262	111	16	74
263	109	15	43
264	109	15	NP
265	109	15	NP
266	119	32	32
267	120	33	58
268	120	33	57
269	118	34	63
270	118	35	71
271	115	38	124
272	115	43	173
273	115	51	174
274	114	66	181
275	113	77	168
276	110	86	165
277	106	89	167
278	104	90	165
279	104	89	142
280	99	91	145
281	93	90	146
282	85	92	142
283	80	91	166
284	69	91	161
285	60	87	158
286	59	87	172
287	60	87	164
288	62	87	154
289	63	87	139
290	63	82	143
291	64	74	172
292	66	71	178
293	66	71	160
294	65	71	158
295	65	71	149
296	65	71	151
297	65	71	150
298	65	71	144
299	65	71	146
300	65	71	150
301	65	71	153
302	67	69	140
303	68	66	99
303	69	57	31	f
304	68	54	78
304	68	64	67	f
305	67	51	133
306	66	43	128
307	64	36	121
308	63	26	156
309	59	18	153
310	58	17	141
311	57	17	126
312	51	17	147
313	49	17	155
314	39	20	148
315	34	22	179
316	32	22	182
317	25	22	180
318	25	22	177
319	23	24	173
320	22	25	171
321	22	25	181
322	23	25	171
323	21	26	137
324	20	24	122
325	20	25	121
326	20	25	121
327	20	28	137
328	20	29	140
329	20	30	147
330	20	29	137
331	20	29	147
332	21	29	149
333	20	28	148
334	20	29	149
335	20	28	144
336	19	25	75
336	21	35	75	f
337	19	29	138
338	19	27	123
339	19	25	116
340	19	25	122
341	21	24	137
342	20	23	152
343	22	20	166
344	30	18	165
345	37	16	158
346	42	14	132
347	42	14	125
348	41	15	141
349	42	16	118
350	42	15	141
351	41	16	135
352	41	15	136
353	42	15	128
354	44	16	97
355	44	17	94
356	45	18	127
357	44	17	103
358	44	17	125
359	44	17	130
360	44	16	104
361	44	16	100
362	43	16	109
363	43	16	106
364	46	16	83
365	47	17	67
366	48	15	59
367	47	20	91
368	46	20	94
369	44	20	135
370	46	19	105
371	46	18	93
372	43	18	140
373	33	21	170
374	26	22	181
375	25	22	173
376	24	21	186
377	23	20	188
378	22	18	196
379	20	17	198
380	20	16	200
381	20	16	187
382	27	20	171
383	24	25	155
384	22	25	159
385	22	26	151
386	22	29	132
387	21	30	128
388	21	48	159
389	22	60	164
390	22	67	157
391	22	77	161
392	22	82	162
393	18	85	176
394	17	86	165
395	17	85	155
396	16	87	184
397	16	88	172
398	16	88	179
399	17	86	157
400	18	84	149
401	17	82	151
402	17	82	153
403	18	84	161
404	16	87	190
405	16	89	179
406	16	88	181
407	17	87	171
408	16	87	182
409	18	87	152
410	20	86	143
411	20	86	144
412	24	90	114
413	29	91	90
413	41	91	34	f
414	31	91	63
414	42	91	62	f
415	43	92	86
415	32	91	43	f
416	44	90	115
417	51	88	159
418	53	86	147
419	55	85	155
420	62	81	161
421	68	75	169
422	70	72	175
423	71	71	157
424	71	72	155
425	71	72	154
426	71	72	152
427	71	71	164
428	71	71	159
429	71	71	164
430	71	71	158
431	71	71	157
432	70	70	159
433	69	69	149
434	69	68	173
435	68	69	168
436	68	70	164
437	68	69	163
438	70	70	144
439	70	70	148
440	70	70	146
441	69	70	150
442	69	69	158
443	69	69	157
444	70	70	137
445	70	70	145
446	70	70	139
447	70	70	142
448	70	70	143
449	71	70	149
450	70	70	146
451	70	70	147
452	70	70	153
453	68	68	144
454	68	68	150
455	68	68	150
456	68	69	142
457	66	71	169
458	66	71	164
459	66	72	161
460	64	75	153
461	65	81	159
462	67	86	149
463	72	90	154
464	75	89	152
465	84	89	152
466	84	88	151
467	84	88	152
468	85	88	159
469	85	87	156
470	86	86	137
471	86	86	148
472	86	86	143
473	86	87	134
474	86	86	140
475	87	85	150
476	87	85	155
477	85	87	130
478	85	87	134
479	85	87	137
480	86	87	148
481	86	87	147
482	86	87	148
483	86	87	139
484	85	87	138
485	85	87	144
486	85	87	144
487	85	87	146
488	84	87	146
489	83	87	154
490	80	86	150
491	77	86	146
492	72	88	157
493	63	93	174
494	57	93	190
495	59	93	168
496	57	93	175
497	58	93	177
498	54	93	190
499	54	93	187
500	55	92	174
501	55	91	179
502	51	87	175
503	48	87	153
504	48	88	141
505	49	86	157
506	49	87	157
507	54	86	166
508	54	86	157
509	54	86	160
510	54	86	164
511	54	86	165
512	54	85	170
513	54	85	168
514	56	84	158
515	58	85	162
516	66	85	162
517	73	88	171
518	76	90	156
519	75	90	149
520	74	89	145
521	72	89	144
522	71	88	158
523	73	86	154
524	75	85	163
525	82	84	140
526	84	83	139
527	83	83	137
528	89	85	143
529	90	86	132
530	90	86	142
531	89	87	146
532	89	88	131
533	89	88	135
534	89	88	142
535	89	87	142
536	89	87	144
537	89	87	144
538	89	87	146
539	89	87	144
540	89	87	146
541	89	86	134
542	88	87	154
543	86	90	161
544	81	93	158
545	82	93	145
546	82	93	144
547	82	93	139
548	82	93	142
549	82	93	148
550	82	93	149
551	82	93	151
552	82	92	137
553	83	93	132
554	82	93	152
555	82	93	150
556	82	93	149
557	82	93	149
558	82	93	144
559	82	93	129
560	82	93	140
561	82	93	136
562	82	93	148
563	82	92	147
564	81	92	151
565	81	92	152
566	81	92	149
567	82	93	144
568	82	93	140
569	82	92	155
570	82	92	148
571	82	92	153
572	82	92	147
573	81	92	150
574	81	92	148
575	82	92	140
576	82	93	143
577	82	93	145
578	82	93	142
579	82	93	144
580	82	93	141
581	83	93	138
582	83	93	143
583	83	93	145
584	83	93	146
585	83	93	146
586	83	93	135
587	83	93	140
588	82	92	151
589	82	92	153
590	82	92	156
591	82	92	152
592	82	92	148
593	82	92	149
594	82	92	149
595	82	92	148
596	82	92	148
597	82	92	148
598	82	92	150
599	82	92	146
600	82	92	150
601	82	92	151
602	82	92	149
603	82	92	152
604	82	93	151
605	82	93	135
606	82	93	141
607	81	93	146
608	79	94	181
609	77	94	180
610	76	93	190
611	68	93	187
612	60	92	162
613	54	90	184
614	52	89	169
615	51	89	158
616	51	89	156
617	51	89	158
618	51	89	154
619	51	90	162
620	51	90	160
621	50	91	152
622	51	89	136
623	47	87	133
624	47	87	140
625	48	85	143
626	50	84	154
627	53	83	163
628	55	83	166
629	62	80	163
630	67	71	166
631	67	69	138
632	67	68	124
633	68	66	106
634	68	66	117
635	68	67	118
636	68	66	109
637	67	66	101
638	68	66	108
638	66	56	30	f
639	67	66	98
639	66	55	51	f
640	66	48	132
641	64	31	132
642	64	23	146
643	64	20	140
644	63	19	153
645	63	19	160
646	62	21	160
647	62	22	159
648	63	22	159
649	63	22	149
650	62	21	164
651	65	21	151
652	66	18	139
653	68	18	167
654	73	14	127
655	75	15	140
656	76	15	149
657	74	15	121
658	76	14	83
658	86	15	58	f
659	90	14	117
660	91	13	139
661	90	13	138
662	90	13	132
663	91	13	142
664	100	13	138
665	114	13	153
666	114	13	152
667	115	12	167
668	112	12	138
669	110	12	127
670	111	14	131
671	114	16	135
672	115	17	130
673	115	17	132
674	109	14	99
675	109	14	60
676	109	14	NP
677	117	34	58
678	117	35	64
679	118	35	75
680	118	35	82
681	118	43	172
682	121	53	162
683	122	59	163
684	121	59	164
685	119	63	174
686	116	71	173
687	115	74	190
688	108	87	181
689	105	89	165
690	104	89	157
691	104	89	158
692	104	89	155
693	104	89	153
694	105	89	149
695	103	89	121
695	91	87	32	f
696	97	88	158
697	96	88	156
698	96	88	161
699	93	86	165
700	99	89	66
700	90	84	63	f
701	99	89	68
701	91	85	47	f
702	99	89	68
702	90	85	58	f
703	88	85	70
703	99	89	68	f
704	89	88	75
704	99	88	67	f
705	84	89	146
706	76	91	158
707	71	90	149
708	73	90	158
709	74	91	157
710	73	90	177
711	70	86	168
712	68	84	157
713	69	85	141
714	69	85	138
715	68	84	157
716	68	77	182
717	67	72	161
718	68	72	175
719	68	72	172
720	68	72	158
721	68	69	143
722	67	67	100
723	67	66	82
723	68	55	47	f
724	67	54	85
724	69	63	45	f
725	66	49	124
726	65	40	137
727	66	31	152
728	66	20	159
729	67	19	158
730	66	19	159
731	66	19	158
732	64	19	170
733	61	17	169
734	61	17	169
735	61	17	164
736	60	16	161
737	60	17	152
738	60	17	158
739	59	18	154
740	59	18	142
741	59	18	145
742	59	18	144
743	59	18	140
744	60	18	142
745	59	18	150
746	59	18	145
747	60	18	143
748	60	18	135
749	60	18	129
750	59	17	144
751	59	18	135
752	58	18	130
753	59	18	144
754	59	18	139
755	60	17	133
756	60	19	134
757	61	19	134
758	61	19	138
759	61	20	143
760	64	20	137
761	67	24	131
762	67	22	130
763	73	20	120
764	75	18	92
765	77	17	122
766	78	17	133
767	76	19	101
768	76	19	91
769	77	18	126
770	76	18	128
771	76	18	122
772	77	19	113
773	76	19	106
774	77	18	132
775	76	19	84
775	86	16	67	f
776	82	16	154
777	82	15	150
778	83	15	148
779	81	17	136
780	75	19	105
781	75	19	119
782	75	18	131
783	75	18	136
784	75	18	133
785	75	18	137
786	75	18	138
787	75	17	145
788	75	17	152
789	75	16	148
790	75	17	141
791	72	15	143
792	65	14	164
793	62	13	156
794	58	15	138
795	57	15	133
796	57	15	128
797	57	15	122
798	47	18	117
799	40	21	129
800	35	21	150
801	31	20	170
802	25	16	186
803	25	16	176
804	25	16	179
805	25	16	179
806	28	17	150
807	27	17	159
808	25	17	176
809	22	17	176
810	21	17	183
811	22	17	169
812	22	17	175
813	23	16	170
814	27	17	149
815	27	19	143
816	23	23	142
817	17	36	75
817	21	25	52	f
818	19	40	157
819	20	54	157
820	20	69	164
821	18	81	183
822	18	83	158
823	19	86	155
824	20	87	149
825	20	88	141
826	19	87	141
827	18	86	158
828	17	87	160
829	16	89	172
830	16	90	177
831	16	90	178
832	20	86	151
833	22	87	141
834	27	89	118
835	34	89	128
836	41	87	73
836	32	90	58	f
837	42	88	79
837	33	90	36	f
838	44	86	120
839	44	86	115
840	43	86	113
841	43	86	110
842	40	87	109
843	40	87	62
844	41	87	61
845	37	88	81
846	39	87	37
847	39	87	33
848	40	86	49
849	41	86	59
849	33	89	42	f
850	32	88	53
850	42	87	45	f
851	42	88	74
851	33	88	48	f
852	45	91	142
853	51	90	169
854	60	91	174
855	69	92	177
856	79	91	153
857	80	92	155
858	80	92	155
859	80	92	153
860	85	88	137
861	85	89	144
862	85	88	145
863	85	89	141
864	85	89	144
865	84	89	137
866	88	88	128
867	88	89	145
868	85	91	141
869	85	92	135
870	84	92	135
871	84	92	132
872	84	92	133
873	84	91	139
874	84	91	143
875	84	91	142
876	84	91	141
877	84	91	142
878	84	91	142
879	84	92	141
880	80	93	156
881	74	93	151
882	71	93	165
883	71	93	163
884	71	93	161
885	71	93	165
886	71	93	150
887	68	93	161
888	57	92	153
889	51	92	153
890	51	92	155
891	51	92	155
892	51	92	158
893	52	92	145
894	51	92	146
895	51	93	162
896	50	93	171
897	50	94	152
898	51	94	162
899	54	93	161
900	53	91	169
901	49	90	147
902	47	87	150
903	46	87	155
904	46	87	153
905	46	87	154
906	46	87	153
907	46	87	133
908	47	87	142
909	49	86	152
910	52	82	155
911	52	82	132
912	52	83	139
913	52	83	135
914	54	83	168
915	54	83	157
916	54	83	169
917	54	83	166
918	54	83	165
919	54	84	151
920	56	84	158
921	56	85	161
922	56	84	163
923	56	84	163
924	57	84	171
925	58	84	168
926	58	84	168
927	58	84	170
928	58	84	171
929	58	84	168
930	58	84	171
931	58	84	173
932	58	84	174
933	55	84	144
934	56	83	161
935	56	83	159
936	56	84	152
937	57	84	172
938	65	84	178
939	72	84	159
940	76	84	185
941	78	84	184
942	76	85	153
943	74	85	145
944	73	85	151
945	73	85	155
946	73	85	159
947	72	82	162
948	68	77	155
949	68	78	162
950	69	79	155
951	69	80	162
952	59	86	165
953	52	92	155
954	52	92	140
955	52	92	137
956	52	92	142
957	52	92	151
958	51	93	161
959	51	92	155
960	48	90	164
961	47	88	131
962	47	87	143
963	49	85	153
964	50	83	151
965	50	82	153
966	50	83	156
967	49	83	153
968	50	83	141
969	51	83	150
970	51	83	152
971	51	83	149
972	51	83	149
973	50	83	144
974	50	83	147
975	49	83	135
976	50	83	134
977	50	83	144
978	50	83	134
979	50	83	133
980	49	83	128
981	50	83	138
982	50	83	146
983	49	83	134
984	49	83	144
985	49	82	158
986	50	83	145
987	50	83	137
988	50	83	140
989	50	83	140
990	49	83	145
991	50	83	152
992	50	83	149
993	50	83	149
994	50	82	147
995	49	83	137
996	50	83	137
997	49	83	136
998	50	82	141
999	50	82	139
1000	49	82	136
1001	49	83	139
1002	50	82	155
1003	50	83	145
1004	49	83	156
1005	50	83	144
1006	50	83	146
1007	49	83	152
1008	49	83	132
1009	49	83	133
1010	49	83	127
1011	49	83	124
1012	49	83	141
1013	48	83	145
1014	49	83	140
1015	49	83	148
1016	49	83	145
1017	49	83	146
1018	49	83	148
1019	50	83	150
1020	50	83	147
1021	49	83	150
1022	49	82	149
1023	49	82	157
1024	49	82	155
1025	49	82	152
1026	49	82	156
1027	49	83	158
1028	49	83	142
1029	49	83	145
1030	49	83	144
1031	50	83	156
1032	49	83	156
1033	50	83	154
1034	51	83	159
1035	51	83	166
1036	51	83	161
1037	51	83	161
1038	51	83	161
1039	51	83	161
1040	51	83	161
1041	51	83	161
1042	51	83	161
1043	51	83	161
1044	51	83	161
1045	50	83	146
1046	49	83	145
1047	49	83	140
1048	49	83	141
1049	49	83	137
1050	48	83	128
1051	48	83	132
1052	49	83	150
1053	49	83	150
1054	49	83	144
1055	49	83	134
1056	49	83	143
1057	50	83	149
1058	49	83	145
1059	50	83	149
1060	50	83	154
1061	50	83	151
1062	50	83	159
1063	50	83	153
1064	50	83	153
1065	50	83	153
1066	50	83	153
1067	50	83	148
1068	50	84	144
1069	50	84	156
1070	50	84	153
1071	49	84	157
1072	49	83	149
1073	51	84	133
1074	50	84	145
1075	51	84	154
1076	50	85	149
1077	50	85	149
1078	50	85	148
1079	50	85	136
1080	50	84	144
1081	50	84	144
1082	50	84	147
1083	50	84	142
1084	50	84	143
1085	50	84	140
1086	50	84	143
1087	50	84	143
1088	50	84	143
1089	51	84	142
1090	51	84	161
1091	52	83	188
1092	52	83	183
1093	52	84	169
1094	52	84	163
1095	51	84	144
1096	50	84	141
1097	50	84	143
1098	50	84	144
1099	50	84	146
1100	51	84	149
1101	50	84	145
1102	51	84	143
1103	51	84	149
1104	51	84	151
1105	51	84	156
1106	51	85	147
1107	52	84	154
1108	54	84	151
1109	61	83	162
1110	67	82	150
1111	68	82	156
1112	73	85	172
1113	81	86	156
1114	84	86	133
1115	85	86	133
1116	84	86	131
1117	84	86	138
1118	86	85	139
1119	86	85	138
1120	86	85	137
1121	86	85	138
1122	86	85	139
1123	85	86	123
1124	85	86	127
1125	85	85	129
1126	86	84	148
1127	86	84	144
1128	85	85	143
1129	85	84	138
1130	84	85	133
1131	83	86	128
1132	85	87	151
1133	85	87	151
1134	88	88	131
1135	88	90	148
1136	85	92	153
1137	82	93	146
1138	82	93	148
1139	82	93	150
1140	82	93	147
1141	82	93	147
1142	82	93	143
1143	82	92	152
1144	82	92	136
1145	82	93	134
1146	82	93	138
1147	82	93	133
1148	81	92	130
1149	82	93	139
1150	81	93	135
1151	83	93	128
1152	82	93	144
1153	82	93	143
1154	82	93	150
1155	82	93	148
1156	82	93	147
1157	83	93	134
1158	83	93	139
1159	83	93	138
1160	83	93	138
1161	83	93	136
1162	83	93	139
1163	83	93	152
1164	83	93	144
1165	82	93	143
1166	83	93	139
1167	82	93	144
1168	83	93	137
1169	82	93	147
1170	82	93	142
1171	82	93	142
1172	83	93	138
1173	82	93	140
1174	82	93	135
1175	83	93	131
1176	83	93	133
1177	83	93	133
1178	82	93	137
1179	82	93	140
1180	82	93	141
1181	82	93	137
1182	82	93	137
1183	82	93	141
1184	82	93	141
1185	82	93	137
1186	82	93	137
1187	83	93	133
1188	83	93	134
1189	82	93	140
1190	82	93	143
1191	82	93	147
1192	82	93	148
1193	82	93	148
1194	82	93	145
1195	82	93	148
1196	82	93	144
1197	82	93	143
1198	82	93	143
1199	82	93	143
1200	82	93	142
1201	82	93	144
1202	82	93	143
1203	82	93	146
1204	82	93	146
1205	82	93	147
1206	82	93	148
1207	82	93	144
1208	83	93	132
1209	82	93	140
1210	82	93	139
1211	83	93	134
1212	82	93	140
1213	83	93	138
1214	82	93	141
1215	82	93	146
1216	82	93	142
1217	82	93	148
1218	82	93	148
1219	82	93	146
1220	83	93	131
1221	82	93	143
1222	82	93	143
1223	82	93	142
1224	82	93	140
1225	82	93	143
1226	82	93	147
1227	82	93	146
1228	82	93	148
1229	82	93	147
1230	82	93	148
1231	82	93	148
1232	82	93	147
1233	82	93	148
1234	82	93	148
1235	82	93	147
1236	82	93	149
1237	82	93	150
1238	82	93	150
1239	82	93	151
1240	82	93	153
1241	82	93	151
1242	82	93	149
1243	82	93	150
1244	82	93	148
1245	82	93	148
1246	82	93	147
1247	82	93	147
1248	82	93	148
1249	82	93	146
1250	82	93	148
1251	82	93	148
1252	82	93	150
1253	82	93	150
1254	82	93	150
1255	82	93	151
1256	83	93	139
1257	82	93	144
1258	82	93	142
1259	82	93	143
1260	82	93	140
1261	82	93	142
1262	82	93	141
1263	82	93	146
1264	82	93	146
1265	82	93	146
1266	82	93	146
1267	82	93	142
1268	82	93	145
1269	82	93	145
1270	81	93	164
1271	80	93	168
1272	73	94	165
1273	72	92	149
1274	72	91	174
1275	65	89	176
1276	65	89	166
1277	62	89	172
1278	54	88	167
1279	52	90	145
1280	51	90	143
1281	51	90	133
1282	51	90	152
1283	51	90	138
1284	51	91	158
1285	51	91	161
1286	54	89	131
1287	54	89	139
1288	53	87	146
1289	53	87	141
1290	53	87	140
1291	53	87	146
1292	52	87	169
1293	51	87	157
1294	50	87	137
1295	50	87	138
1296	50	88	148
1297	50	88	153
1298	50	89	164
1299	50	89	166
1300	50	89	164
1301	50	89	165
1302	50	89	154
1303	49	88	156
1304	50	90	154
1305	55	92	159
1306	59	92	130
1307	60	91	156
1308	60	92	147
1309	60	92	153
1310	61	90	149
1311	66	85	148
1312	66	75	152
1313	67	71	151
1314	66	70	120
1315	66	67	93
1316	65	52	63
1316	66	63	31	f
1317	65	45	98
1318	65	39	101
1319	64	37	128
1320	64	37	133
1321	64	37	129
1322	64	38	112
1323	64	39	113
1324	65	39	129
1325	65	38	118
1326	64	39	130
1327	66	36	157
1328	70	27	173
1329	72	25	162
1330	72	24	137
1331	72	25	148
1332	72	25	141
1333	71	25	146
1334	71	24	156
1335	72	23	172
1336	72	23	164
1337	72	23	155
1338	73	23	166
1339	73	21	162
1340	71	23	146
1341	72	23	146
1342	72	22	151
1343	71	21	171
1344	71	19	159
1345	72	19	174
1346	72	19	169
1347	69	20	164
1348	64	19	153
1349	61	18	143
1350	60	18	151
1351	58	17	125
1352	54	17	148
1353	53	17	158
1354	56	18	111
1354	45	14	35	f
1355	52	16	149
1356	51	16	144
1357	50	16	145
1358	46	19	135
1359	38	21	157
1360	34	22	159
1361	31	22	173
1362	29	23	188
1363	29	23	189
1364	29	22	197
1365	28	21	179
1366	27	20	176
1367	28	21	184
1368	28	21	174
1369	28	22	172
1370	29	22	150
1371	29	23	147
1372	25	25	141
1373	19	37	86
1373	22	26	36	f
1374	19	42	149
1375	21	44	156
1376	22	54	160
1377	21	59	175
1378	22	67	164
1379	23	76	164
1380	22	82	178
1381	20	86	168
1382	19	86	177
1383	19	86	179
1384	18	86	188
1385	18	87	186
1386	18	85	165
1387	19	84	167
1388	19	84	164
1389	24	84	145
1390	26	86	107
1391	28	88	109
1392	34	88	123
1393	42	88	64
1393	32	89	61	f
1394	44	89	118
1395	54	90	159
1396	58	86	153
1397	60	85	153
1398	63	78	162
1399	66	71	147
1400	68	70	163
1401	68	69	150
1402	67	70	149
1403	66	70	146
1404	65	70	148
1405	66	71	145
1406	66	70	149
1407	65	71	147
1408	66	71	146
1409	66	71	139
1410	66	71	141
1411	66	71	130
1412	66	71	140
1413	66	71	137
1414	66	71	139
1415	66	71	139
1416	66	71	135
1417	66	71	145
1418	67	70	152
1419	68	68	137
1420	69	66	110
1421	69	65	88
1422	69	65	94
1422	70	56	40	f
1423	68	52	127
1424	66	47	92
1425	65	38	114
1426	64	31	136
1427	65	31	110
1428	64	31	113
1429	65	31	120
1430	65	31	113
1431	66	30	141
1432	70	25	158
1433	74	23	119
1434	73	22	116
1435	73	22	123
1436	73	22	120
1437	87	17	85
1437	77	21	57	f
1438	96	13	146
1439	99	12	161
1440	103	12	166
1441	108	11	154
1442	107	11	135
1443	107	12	123
1444	106	12	134
1445	105	12	137
1446	105	12	139
1447	98	14	130
1448	95	14	102
1449	95	15	82
1450	96	15	59
1451	96	16	59
1452	96	16	60
1453	96	16	NP
1454	96	16	NP
1455	96	16	NP
1456	122	34	62
1457	123	37	138
1458	122	38	151
1459	120	48	152
1460	121	46	142
1461	120	44	143
1462	119	43	143
1463	118	41	148
1464	119	41	153
1465	118	40	170
1466	118	42	160
1467	119	42	160
1468	120	43	159
1469	121	47	152
1470	119	56	164
1471	118	67	165
1472	117	85	167
1473	120	86	168
1474	120	87	162
1475	119	86	152
1476	120	87	166
1477	120	87	159
1478	119	85	136
1479	119	85	144
1480	118	85	147
1481	118	85	146
1482	118	84	150
1483	119	83	147
1484	119	83	147
1485	120	81	146
1486	120	76	152
1487	121	68	156
1488	120	65	169
1489	120	65	170
1490	119	64	182
1491	117	58	163
1492	115	48	159
1493	114	44	167
1494	115	44	171
1495	117	43	182
1496	117	43	186
1497	117	45	165
1498	114	44	170
1499	113	44	166
1500	114	45	154
1501	114	44	167
1502	114	45	154
1503	114	46	140
1504	115	47	138
1505	115	47	160
1506	119	43	158
1507	117	45	149
1508	118	46	157
1509	122	52	156
1510	123	57	172
1511	124	63	163
1512	123	66	153
1513	122	65	139
1514	121	67	148
1515	117	73	161
1516	117	74	167
1517	116	72	120
1518	118	72	108
1519	116	69	136
1520	117	68	143
1521	118	69	140
1522	119	71	170
1523	119	72	163
1524	117	81	170
1525	112	88	151
1526	104	91	129
1527	104	92	140
1528	104	92	143
1529	105	92	135
1530	105	91	156
1531	103	91	131
1532	103	91	132
1533	104	91	133
1534	103	91	127
1535	103	91	121
1536	102	92	109
1537	101	92	104
1538	102	91	95
1539	101	91	103
1540	100	91	84
1540	90	86	31	f
1541	99	91	94
1542	100	91	94
1543	100	91	91
1544	100	91	100
1545	100	90	96
1546	100	91	94
1547	100	90	93
1548	99	90	103
1549	100	90	99
1550	100	91	90
1551	98	90	108
1552	98	90	124
1553	98	90	110
1554	98	90	112
1555	99	91	83
1556	100	90	99
1557	101	88	153
1558	103	87	148
1559	107	85	177
1560	110	83	171
1561	109	83	144
1562	112	79	169
1563	116	65	172
1564	119	58	181
1565	121	49	175
1566	122	44	166
1567	122	45	160
1568	122	44	158
1569	121	48	151
1570	121	50	151
1571	119	50	145
1572	118	47	179
1573	116	42	160
1574	117	42	148
1575	117	42	171
1576	118	44	161
1577	117	45	155
1578	115	51	169
1579	115	64	176
1580	115	74	175
1581	113	84	157
1582	114	85	162
1583	114	86	160
1584	118	88	166
1585	115	85	150
1586	110	88	153
1587	105	90	149
1588	102	90	115
1589	101	89	114
1590	101	89	115
1591	101	89	124
1592	102	90	120
1593	101	90	116
1594	94	90	140
1595	83	91	147
1596	71	93	158
1597	59	93	159
1598	53	93	164
1599	55	92	166
1600	51	91	151
1601	51	91	143
1602	51	91	144
1603	50	90	155
1604	50	91	163
1605	49	90	151
1606	49	90	154
1607	49	90	152
1608	46	88	146
1609	46	87	155
1610	46	88	139
1611	47	87	148
1612	51	86	152
1613	54	83	158
1614	54	83	152
1615	53	83	150
1616	54	83	151
1617	53	83	150
1618	53	83	149
1619	54	84	149
1620	56	86	163
1621	63	87	153
1622	62	88	157
1623	62	89	156
1624	63	87	159
1625	68	85	157
1626	68	85	155
1627	69	82	149
1628	69	70	154
1629	68	67	110
1630	66	53	98
1630	67	63	33	f
1631	65	45	128
1632	65	33	162
1633	60	23	152
1634	58	20	151
1635	58	19	156
1636	58	20	157
1637	58	19	132
1638	52	19	128
1639	47	20	133
1640	37	22	149
1641	31	21	158
1642	28	21	147
1643	28	21	157
1644	28	21	160
1645	27	22	169
1646	26	23	135
1647	23	26	158
1648	22	26	143
1649	21	27	128
1650	21	27	126
1651	21	27	126
1652	21	26	116
1653	21	26	124
1654	21	26	123
1655	20	29	129
1656	20	31	116
1657	20	32	130
1658	20	31	118
1659	19	29	99
1660	18	27	96
1661	19	25	118
1662	20	23	134
1663	22	21	149
1664	30	17	146
1665	34	16	153
1666	40	14	137
1667	42	13	122
1668	42	14	118
1669	41	15	134
1670	42	14	128
1671	42	15	126
1672	40	14	114
1673	42	15	122
1674	46	16	93
1675	47	16	84
1676	47	18	85
1677	44	21	96
1678	45	20	90
1679	44	20	108
1680	45	20	102
1681	46	20	97
1682	46	20	96
1683	44	20	106
1684	42	22	124
1685	41	22	120
1686	40	22	152
1687	36	21	168
1688	29	19	171
1689	29	18	180
1690	29	17	183
1691	29	17	184
1692	30	19	162
1693	28	19	172
1694	28	18	174
1695	28	21	142
1696	28	21	143
1697	28	21	145
1698	27	22	129
1699	26	22	130
1700	23	25	70
1700	19	35	59	f
1701	19	40	153
1702	20	55	158
1703	22	62	150
1704	22	73	163
1705	21	79	158
1706	20	80	168
1707	18	82	171
1708	18	80	165
1709	18	79	170
1710	18	78	169
1711	19	78	141
1712	21	80	134
1713	23	85	148
1714	23	87	135
1715	22	88	142
1716	22	88	142
1717	23	87	139
1718	24	86	127
1719	26	86	124
1720	31	87	129
1721	32	88	82
1721	41	85	39	f
1722	43	87	93
1723	43	86	146
1724	56	84	176
1725	65	79	168
1726	69	71	155
1727	67	71	168
1728	67	71	160
1729	68	71	156
1730	68	71	162
1731	69	71	167
1732	69	71	169
1733	69	71	169
1734	70	71	162
1735	70	71	164
1736	70	71	160
1737	70	71	163
1738	70	71	168
1739	70	71	167
1740	70	71	168
1741	70	71	159
1742	69	70	142
1743	69	68	123
1744	69	67	121
1745	69	67	114
1746	69	67	122
1747	68	67	158
1748	68	67	155
1749	68	67	146
1750	68	68	139
1751	69	68	129
1752	69	68	127
1753	69	69	136
1754	69	68	135
1755	69	68	135
1756	69	68	134
1757	69	68	138
1758	69	68	130
1759	69	68	140
1760	69	68	132
1761	69	68	131
1762	69	68	127
1763	69	69	128
1764	69	69	129
1765	69	69	140
1766	69	68	134
1767	68	68	135
1768	68	68	136
1769	68	68	133
1770	68	68	136
1771	69	68	135
1772	69	68	134
1773	69	68	122
1774	69	68	127
1775	69	66	108
1776	66	53	93
1776	69	63	30	f
1777	66	43	119
1778	64	34	124
1779	64	32	135
1780	64	32	129
1781	64	31	129
1782	62	27	146
1783	60	23	153
1784	56	20	106
1785	57	20	84
1786	55	20	83
1786	45	23	36	f
1787	44	22	135
1788	36	22	156
1789	32	22	176
1790	31	22	172
1791	32	21	175
1792	32	21	178
1793	31	21	178
1794	27	23	154
1795	23	24	148
1796	21	25	129
1797	21	25	125
1798	20	25	119
1799	21	24	101
1800	21	24	100
1801	21	24	114
1802	23	22	132
1803	23	22	129
1804	23	22	117
1805	23	22	118
1806	24	21	115
1807	21	23	142
1808	21	24	135
1809	21	24	145
1810	19	24	166
1811	20	24	174
1812	19	23	170
1813	19	23	173
1814	24	21	156
1815	25	20	147
1816	25	20	146
1817	25	20	143
1818	25	20	143
1819	25	20	149
1820	24	19	153
1821	29	18	159
1822	37	21	155
1823	40	21	115
1824	46	17	92
1825	43	15	120
1826	42	15	139
1827	43	15	130
1828	43	15	129
1829	42	16	126
1830	41	16	153
1831	33	20	155
1832	29	22	171
1833	27	23	156
1834	24	26	137
1835	19	37	84
1835	21	26	36	f
1836	21	47	150
1837	22	56	159
1838	21	65	163
1839	22	69	178
1840	22	75	163
1841	25	85	147
1842	28	88	133
1843	28	88	123
1844	28	89	115
1845	29	89	108
1845	41	91	32	f
1846	30	90	75
1846	41	92	39	f
1847	30	90	78
1847	40	93	43	f
1848	31	91	60
1848	41	90	44	f
1849	41	89	55
1849	32	92	40	f
1850	42	88	85
1851	44	88	117
1852	50	85	158
1853	54	85	169
1854	54	85	147
1855	54	85	146
1856	54	85	148
1857	54	85	149
1858	59	88	168
1859	64	91	131
1860	64	90	144
1861	64	89	146
1862	66	88	170
1863	70	86	178
1864	70	86	180
1865	78	86	165
1866	83	84	155
1867	83	84	157
1868	83	84	156
1869	83	84	160
1870	84	84	156
1871	84	84	155
1872	82	84	151
1873	83	85	152
1874	83	85	152
1875	82	85	150
1876	86	84	132
1877	89	85	127
1878	89	86	130
1879	88	87	143
1880	88	89	144
1881	86	93	131
1882	88	92	120
1883	86	92	140
1884	86	92	141
1885	87	92	135
1886	87	92	140
1887	87	92	145
1888	87	92	143
1889	87	92	140
1890	87	92	136
1891	87	91	140
1892	87	91	144
1893	87	91	147
1894	87	91	140
1895	87	91	137
1896	87	91	137
1897	87	92	139
1898	86	92	140
1899	85	93	144
1900	78	92	152
1901	77	92	152
1902	72	91	154
1903	65	91	152
1904	56	92	144
1905	53	93	161
1906	53	93	160
1907	53	93	161
1908	53	93	160
1909	49	91	159
1910	46	89	139
1911	47	90	139
1912	47	89	139
1913	48	87	136
1914	50	84	150
1915	51	84	151
1916	51	84	149
1917	51	84	152
1918	51	84	149
1919	51	84	147
1920	51	83	145
1921	51	83	145
1922	51	83	143
1923	51	84	140
1924	49	84	139
1925	50	84	148
1926	50	83	143
1927	50	83	143
1928	51	84	141
1929	51	84	141
1930	51	84	140
1931	51	84	140
1932	51	84	141
1933	51	84	140
1934	51	84	140
1935	51	84	141
1936	51	83	143
1937	51	84	139
1938	51	84	143
1939	51	83	142
1940	51	84	143
1941	51	84	140
1942	51	84	142
1943	51	84	140
1944	50	83	141
1945	50	84	141
1946	50	84	138
1947	49	84	137
1948	49	84	132
1949	49	84	128
1950	52	83	152
1951	50	83	139
1952	50	84	130
1953	51	84	148
1954	51	84	147
1955	51	84	147
1956	51	84	150
1957	51	84	150
1958	51	83	150
1959	50	83	139
1960	50	84	146
1961	50	84	147
1962	50	84	154
1963	50	83	146
1964	52	83	155
1965	55	83	147
1966	62	82	164
1967	66	78	156
1968	68	79	153
1969	68	80	151
1970	70	80	170
1971	70	81	176
1972	70	82	175
1973	75	83	178
1974	83	84	148
1975	83	83	146
1976	84	83	156
1977	83	84	146
1978	83	85	164
1979	83	86	163
1980	83	86	170
1981	85	87	171
1982	85	87	173
1983	84	87	171
1984	82	85	148
1985	82	85	145
1986	85	84	140
1987	85	86	136
1988	86	86	135
1989	86	86	135
1990	86	86	135
1991	86	86	137
1992	86	86	134
1993	86	86	131
1994	85	88	116
1995	84	88	122
1996	84	88	119
1997	84	88	119
1998	84	89	115
1999	84	89	123
2000	84	88	124
2001	84	88	119
2002	84	89	121
2003	84	88	125
2004	84	88	123
2005	84	88	124
2006	84	88	127
2007	84	88	124
2008	84	88	124
2009	84	88	123
2010	84	88	119
2011	84	88	122
2012	84	88	124
2013	84	88	127
2014	85	88	126
2015	85	88	127
2016	85	88	125
2017	85	88	128
2018	84	88	122
2019	83	88	138
2020	83	88	135
2021	83	88	132
2022	84	88	120
2023	84	88	126
2024	84	88	126
2025	84	88	123
2026	84	88	121
2027	84	88	127
2028	84	88	130
2029	84	89	121
2030	84	88	128
2031	84	88	125
2032	84	88	127
2033	84	88	128
2034	84	88	127
2035	84	88	123
2036	84	88	122
2037	84	89	117
2038	84	88	123
2039	84	88	126
2040	84	88	133
2041	84	88	132
2042	84	88	131
2043	84	88	127
2044	85	88	131
2045	86	88	129
2046	86	87	132
2047	86	87	132
2048	86	88	129
2049	86	88	126
2050	86	88	126
2051	86	87	141
2052	86	87	138
2053	86	87	136
2054	86	87	136
2055	86	87	136
2056	86	87	138
2057	86	87	138
2058	86	87	138
2059	86	87	139
2060	86	87	138
2061	86	87	137
2062	86	87	136
2063	86	86	146
2064	87	86	144
2065	87	86	133
2066	86	86	122
2067	87	87	123
2068	87	87	118
2069	87	86	125
2070	87	85	136
2071	87	85	134
2072	87	85	128
2073	88	84	111
2074	88	84	110
2075	86	87	132
2076	86	87	137
2077	86	87	143
2078	85	86	146
2079	85	86	147
2080	85	86	147
2081	86	87	132
2082	86	86	131
2083	87	86	135
2084	89	88	129
2085	89	88	131
2086	88	89	137
2087	88	91	142
2088	85	92	145
2089	84	93	156
2090	84	93	154
2091	84	93	156
2092	85	93	152
2093	86	93	146
2094	85	93	149
2095	86	93	143
2096	86	93	137
2097	86	92	132
2098	86	92	132
2099	85	92	135
2100	86	92	126
2101	85	92	132
2102	85	92	135
2103	85	92	141
2104	85	92	143
2105	83	93	159
2106	83	92	161
2107	84	92	151
2108	84	92	147
2109	80	89	151
2110	77	86	158
2111	76	86	160
2112	71	82	153
2113	68	80	164
2114	68	79	168
2115	69	79	146
2116	68	77	139
2117	66	71	133
2118	65	69	124
2119	66	65	73
2119	66	54	61	f
2120	66	49	135
2121	70	32	163
2122	72	26	158
2123	73	24	122
2124	74	23	123
2125	74	23	121
2126	74	23	127
2127	75	22	76
2127	87	19	46	f
2128	89	17	109
2129	94	15	73
2129	108	13	33	f
2130	108	12	54
2130	96	16	46	f
2131	107	12	56
2131	96	16	49	f
2132	98	14	95
2133	98	14	102
2134	98	14	111
2135	98	15	110
2136	95	18	83
2137	94	18	79
2138	115	19	41
2139	118	20	64
2140	119	19	73
2141	118	19	65
2142	119	17	76
2143	119	16	104
2144	117	15	97
2145	117	15	88
2146	117	15	NP
2147	117	15	NP
2148	121	33	41
2149	121	33	40
2150	121	32	49
2151	121	35	101
2152	121	37	131
2153	120	48	170
2154	120	61	165
2155	118	68	175
2156	116	74	176
2157	116	75	173
2158	115	75	176
2159	113	77	188
2160	106	86	175
2161	104	88	145
2162	104	87	143
2163	104	86	158
2164	104	86	157
2165	104	86	149
2166	104	86	148
2167	104	86	147
2168	104	86	142
2169	104	86	144
2170	104	86	132
2171	104	85	136
2172	104	86	140
2173	104	86	138
2174	104	87	145
2175	103	87	149
2176	100	90	98
2177	100	90	102
2178	100	90	85
2178	89	92	42	f
2179	96	91	145
2180	91	92	155
2181	79	92	163
2182	72	92	159
2183	64	91	152
2184	65	91	148
2185	64	89	172
2186	64	88	164
2187	64	89	153
2188	64	89	152
2189	64	89	146
2190	64	89	153
2191	64	89	155
2192	64	90	163
2193	64	91	164
2194	61	92	184
2195	58	92	174
2196	53	92	154
2197	53	93	153
2198	56	92	132
2199	57	92	128
2200	57	92	128
2201	56	92	145
2202	57	92	135
2203	56	91	139
2204	57	92	136
2205	56	92	141
2206	54	93	169
2207	53	93	185
2208	53	92	167
2209	54	92	164
2210	54	91	177
2211	54	91	179
2212	54	92	176
2213	56	89	167
2214	56	88	174
2215	56	89	162
2216	55	92	150
2217	53	92	159
2218	50	92	163
2219	51	91	155
2220	51	91	151
2221	50	92	159
2222	51	92	165
2223	51	92	167
2224	54	90	138
2225	56	91	153
2226	58	92	140
2227	64	92	150
2228	72	91	148
2229	78	90	154
2230	84	89	137
2231	84	88	140
2232	84	88	158
2233	84	88	154
2234	84	88	159
2235	84	88	162
2236	82	88	168
2237	81	88	153
2238	81	88	138
2239	81	88	154
2240	79	88	165
2241	69	83	168
2242	63	83	164
2243	57	85	154
2244	56	86	151
2245	55	87	158
2246	52	89	159
2247	51	90	138
2248	51	89	150
2249	51	89	147
2250	51	89	147
2251	51	90	150
2252	51	89	144
2253	51	89	144
2254	51	89	145
2255	51	90	151
2256	50	91	138
2257	50	92	137
2258	49	90	145
2259	46	88	138
2260	46	88	134
2261	46	88	126
2262	46	87	129
2263	47	87	127
2264	47	88	116
2265	47	88	120
2266	47	87	130
2267	46	87	125
2268	46	87	125
2269	47	87	124
2270	46	87	131
2271	46	87	133
2272	46	87	134
2273	46	87	137
2274	46	87	135
2275	46	87	132
2276	46	87	132
2277	46	87	129
2278	46	87	132
2279	46	87	128
2280	46	87	131
2281	46	87	135
2282	46	87	128
2283	46	87	131
2284	46	87	124
2285	46	87	125
2286	46	87	124
2287	46	87	124
2288	46	87	124
2289	46	88	133
2290	46	88	132
2291	46	88	129
2292	46	87	127
2293	46	87	133
2294	46	87	133
2295	46	88	135
2296	46	88	132
2297	47	88	138
2298	46	87	132
2299	46	88	141
2300	46	88	139
2301	46	88	140
2302	46	88	141
2303	46	87	136
2304	46	88	139
2305	46	87	138
2306	46	88	144
2307	46	88	144
2308	46	87	139
2309	46	87	138
2310	46	88	139
2311	46	87	141
2312	46	88	140
2313	47	87	139
2314	46	87	134
2315	46	87	136
2316	46	87	136
2317	46	87	134
2318	46	87	140
2319	46	87	137
2320	46	87	140
2321	46	87	142
2322	46	87	134
2323	46	87	136
2324	46	87	135
2325	46	88	139
2326	46	88	131
2327	46	87	135
2328	46	87	128
2329	46	87	135
2330	46	87	134
2331	46	87	135
2332	46	88	135
2333	47	88	127
2334	46	88	130
2335	46	88	139
2336	47	88	135
2337	47	88	133
2338	47	88	140
2339	47	88	140
2340	47	88	139
2341	46	87	144
2342	46	88	146
2343	46	87	143
2344	46	87	141
2345	46	88	143
2346	46	88	142
2347	46	88	144
2348	46	88	142
2349	46	88	141
2350	46	88	143
2351	46	88	141
2352	46	88	141
2353	46	88	142
2354	46	88	142
2355	46	88	140
2356	46	88	139
2357	46	88	139
2358	46	88	140
2359	46	88	138
2360	46	88	139
2361	46	88	139
2362	46	88	140
2363	46	88	137
2364	46	88	138
2365	46	87	144
2366	46	88	139
2367	46	88	141
2368	46	87	141
2369	46	88	143
2370	46	88	140
2371	46	87	141
2372	46	88	140
2373	46	88	144
2374	46	88	140
2375	46	88	144
2376	46	88	138
2377	46	88	141
2378	46	88	142
2379	46	88	139
2380	47	88	140
2381	47	88	138
2382	47	88	139
2383	47	88	138
2384	47	88	139
2385	47	88	139
2386	47	88	139
2387	46	88	138
2388	46	88	144
2389	47	88	138
2390	46	88	145
2391	46	88	144
2392	46	88	146
2393	46	88	138
2394	46	88	145
2395	46	88	143
2396	46	88	144
2397	46	88	145
2398	46	88	143
2399	46	88	146
2400	46	88	146
2401	46	88	143
2402	46	88	141
2403	46	88	141
2404	46	88	140
2405	46	88	139
2406	46	88	138
2407	46	88	138
2408	46	88	138
2409	46	88	139
2410	46	88	138
2411	46	88	140
2412	46	88	140
2413	46	88	141
2414	46	88	142
2415	46	88	142
2416	46	88	143
2417	46	88	144
2418	46	88	140
2419	46	88	142
2420	46	88	148
2421	46	88	143
2422	46	88	145
2423	46	88	145
2424	46	88	146
2425	46	87	146
2426	46	87	148
2427	46	88	150
2428	46	87	148
2429	46	87	145
2430	46	87	149
2431	46	88	144
2432	46	88	141
2433	46	88	138
2434	46	88	138
2435	46	88	138
2436	46	88	137
2437	46	88	138
2438	46	88	138
2439	46	88	138
2440	46	88	138
2441	46	88	141
2442	46	88	138
2443	46	88	138
2444	46	88	142
2445	46	87	143
2446	46	87	143
2447	46	88	141
2448	46	88	145
2449	46	88	140
2450	46	88	150
2451	46	88	138
2452	46	88	147
2453	47	88	141
2454	46	88	135
2455	46	88	145
2456	46	88	145
2457	46	88	142
2458	46	88	145
2459	46	88	147
2460	46	88	144
2461	46	88	140
2462	46	88	139
2463	46	88	136
2464	46	88	136
2465	46	88	139
2466	46	88	138
2467	46	88	136
2468	46	88	139
2469	46	88	131
2470	46	88	136
2471	46	88	139
2472	46	88	142
2473	46	88	142
2474	46	88	141
2475	46	88	142
2476	46	88	144
2477	46	88	145
2478	46	88	141
2479	46	88	142
2480	46	88	145
2481	46	88	145
2482	46	88	142
2483	46	88	142
2484	46	88	142
2485	46	88	141
2486	46	88	140
2487	46	88	139
2488	46	88	139
2489	46	88	141
2490	46	88	138
2491	46	88	144
2492	46	88	141
2493	46	88	142
2494	46	88	144
2495	46	88	144
2496	46	88	140
2497	46	88	143
2498	46	88	145
2499	46	88	146
2500	46	88	144
2501	46	88	140
2502	46	88	140
2503	46	88	137
2504	46	88	138
2505	46	88	138
2506	46	88	138
2507	46	88	142
2508	46	88	141
2509	46	88	144
2510	46	88	140
2511	46	88	148
2512	46	88	141
2513	46	88	138
2514	46	88	141
2515	46	88	145
2516	46	88	141
2517	46	88	141
2518	46	88	139
2519	46	88	139
2520	46	88	139
2521	46	88	139
2522	46	88	139
2523	46	88	142
2524	46	88	140
2525	46	88	141
2526	46	88	142
2527	46	88	141
2528	46	88	138
2529	46	88	141
2530	46	89	141
2531	46	88	137
2532	46	88	139
2533	47	89	146
2534	47	89	133
2535	47	88	141
2536	47	88	144
2537	47	88	139
2538	47	89	139
2539	47	89	139
2540	47	89	139
2541	47	89	139
2542	47	89	140
2543	47	88	152
2544	47	89	139
2545	46	88	157
2546	45	88	158
2547	46	87	162
2548	46	88	140
2549	47	89	145
2550	47	89	141
2551	48	90	138
2552	48	88	141
2553	47	87	130
2554	46	87	128
2555	46	87	135
2556	46	87	137
2557	46	86	132
2558	46	87	136
2559	46	86	136
2560	46	87	152
2561	46	87	153
2562	46	87	146
2563	47	86	156
2564	49	86	161
2565	51	84	157
2566	52	84	172
2567	51	84	155
2568	52	84	155
2569	51	84	154
2570	51	84	151
2571	53	86	165
2572	55	88	172
2573	55	87	163
2574	58	85	162
2575	66	84	173
2576	69	83	155
2577	73	85	164
2578	79	86	158
2579	80	87	154
2580	79	87	158
2581	79	87	151
2582	79	87	167
2583	83	86	159
2584	86	87	150
2585	89	89	104
2586	90	89	128
2587	90	88	125
2588	90	88	132
2589	89	87	129
2590	90	87	125
2591	88	88	141
2592	87	88	156
2593	87	88	153
2594	86	88	155
2595	86	89	157
2596	82	92	148
2597	81	92	150
2598	78	90	124
2599	77	90	150
2600	77	90	146
2601	77	90	148
2602	77	90	136
2603	77	90	150
2604	77	90	149
2605	77	90	139
2606	76	90	148
2607	77	90	149
2608	77	90	144
2609	78	90	164
2610	78	88	167
2611	79	87	148
2612	78	88	141
2613	77	86	177
2614	76	86	177
2615	73	82	161
2616	74	81	157
2617	74	82	142
2618	74	82	150
2619	74	82	146
2620	74	82	146
2621	75	82	149
2622	74	82	154
2623	72	80	159
2624	69	78	147
2625	67	79	130
2626	67	80	148
2627	66	80	156
2628	61	84	171
2629	52	90	154
2630	51	92	158
2631	51	93	157
2632	49	92	154
2633	45	89	148
2634	45	88	152
2635	45	89	144
2636	45	89	131
2637	45	89	135
2638	46	89	133
2639	45	89	137
2640	45	88	147
2641	46	88	148
2642	45	88	163
2643	45	89	151
2644	45	89	152
2645	45	89	161
2646	46	88	167
2647	45	88	164
2648	46	88	165
2649	46	89	175
2650	46	89	179
2651	46	90	144
2652	46	91	130
2653	46	91	129
2654	47	91	127
2655	46	91	141
2656	46	90	143
2657	46	91	137
2658	46	90	147
2659	46	90	149
2660	46	90	147
2661	46	91	142
2662	47	89	146
2663	46	89	147
2664	46	88	166
2665	46	88	163
2666	46	88	164
2667	46	88	174
2668	46	89	176
2669	46	89	157
2670	46	89	156
2671	46	90	151
2672	46	90	142
2673	46	89	149
2674	46	91	134
2675	47	90	146
2676	50	89	158
2677	56	85	157
2678	61	83	156
2679	64	82	147
2680	65	82	151
2681	66	73	154
2682	67	69	138
2683	66	65	77
2683	66	54	59	f
2684	65	48	126
2685	65	34	147
2686	63	28	154
2687	60	22	162
2688	57	18	153
2689	56	17	138
2690	57	18	134
2691	51	17	152
2692	41	18	130
2693	36	19	162
2694	29	22	175
2695	24	23	143
2696	24	22	129
2697	24	22	131
2698	25	22	119
2699	25	23	140
2700	24	23	140
2701	24	23	133
2702	24	23	134
2703	24	23	128
2704	24	23	130
2705	24	23	118
2706	23	25	153
2707	15	35	99
2707	21	26	48	f
2708	15	34	95
2708	21	27	31	f
2709	15	32	74
2709	22	27	36	f
2710	15	33	75
2710	22	26	39	f
2711	15	32	72
2711	22	26	49	f
2712	16	32	62
2712	22	26	49	f
2713	18	30	119
2714	17	35	87
2714	21	26	44	f
2715	19	38	142
2716	21	48	152
2717	22	69	161
2718	19	78	174
2719	18	84	156
2720	22	84	140
2721	21	85	143
2722	21	85	143
2723	23	88	142
2724	23	88	141
2725	23	87	135
2726	27	87	122
2727	31	89	67
2727	42	91	46	f
2728	43	90	135
2729	43	91	121
2730	45	92	145
2731	45	92	137
2732	44	92	131
2733	44	91	126
2734	42	90	106
2735	41	90	102
2736	41	89	88
2737	41	89	98
2738	41	89	94
2739	31	92	80
2739	40	87	39	f
2740	28	92	115
2741	28	91	106
2742	27	89	134
2743	27	89	126
2744	28	87	134
2745	27	87	134
2746	26	87	159
2747	20	81	161
2748	14	75	154
2749	13	67	161
2750	13	62	168
2751	14	54	154
2752	15	56	151
2753	16	52	168
2754	19	45	181
2755	20	45	173
2756	20	45	180
2757	19	44	182
2758	19	45	176
2759	19	44	185
2760	19	45	181
2761	15	44	176
2762	15	43	186
2763	14	43	177
2764	16	46	157
2765	16	47	162
2766	17	48	151
2767	18	45	159
2768	20	42	147
2769	19	42	150
2770	20	42	143
2771	20	42	145
2772	20	42	158
2773	19	42	147
2774	19	43	131
2775	18	44	128
2776	19	44	152
2777	22	50	155
2778	21	56	156
2779	22	66	170
2780	21	76	150
2781	19	80	176
2782	17	81	147
2783	18	80	146
2784	17	78	146
2785	18	79	144
2786	18	80	146
2787	17	80	162
2788	19	81	141
2789	23	84	138
2790	27	88	116
2791	35	88	128
2792	34	88	114
2793	36	87	108
2794	42	86	74
2794	34	87	32	f
2795	43	86	96
2796	43	86	124
2797	45	86	137
2798	52	85	157
2799	59	82	163
2800	62	81	158
2801	62	80	164
2802	64	74	179
2803	64	73	159
2804	64	73	162
2805	63	72	169
2806	64	72	170
2807	64	70	154
2808	65	68	116
2808	68	56	38	f
2809	68	52	110
2810	69	46	144
2811	70	36	164
2812	71	32	160
2813	73	26	143
2814	73	25	115
2815	74	19	148
2816	75	20	114
2817	75	18	109
2817	85	13	30	f
2818	77	17	136
2819	75	18	106
2820	76	18	104
2820	85	12	36	f
2821	78	16	137
2822	77	18	121
2823	77	18	132
2824	79	19	151
2825	88	22	77
2825	77	18	63	f
2826	81	20	131
2827	76	18	85
2828	75	17	80
2829	76	18	102
2830	76	18	108
2831	76	19	106
2832	75	17	92
2833	75	15	113
2834	75	17	134
2835	74	16	129
2836	69	26	177
2837	68	28	121
2838	68	27	122
2839	68	26	140
2840	66	25	160
2841	68	25	150
2842	66	24	161
2843	65	21	176
2844	63	18	181
2845	63	18	187
2846	63	18	189
2847	64	19	168
2848	65	19	163
2849	65	22	164
2850	66	24	131
2851	66	25	148
2852	66	31	139
2853	66	40	130
2854	67	48	142
2855	68	50	124
2856	67	50	130
2857	67	50	118
2858	67	49	134
2859	67	50	136
2860	68	51	137
2861	69	51	128
2862	68	51	136
2863	68	52	127
2864	68	52	133
2865	68	52	130
2866	68	50	115
2867	71	43	137
2868	71	34	152
2869	71	27	151
2870	69	26	151
2871	70	26	145
2872	69	26	150
2873	69	26	151
2874	69	26	150
2875	70	26	151
2876	69	26	141
2877	68	25	153
2878	65	24	151
2879	64	23	156
2880	64	23	157
2881	64	22	158
2882	66	23	142
2883	66	23	140
2884	66	23	144
2885	69	25	150
2886	71	22	134
2887	77	17	129
2888	79	15	145
2889	79	15	145
2890	78	16	133
2891	80	16	136
2892	80	15	149
2893	76	16	82
2893	86	15	47	f
2894	80	16	133
2895	75	16	96
2895	86	14	53	f
2896	88	13	97
2896	78	15	52	f
2897	90	12	141
2898	95	12	169
2899	105	12	174
2900	113	12	155
2901	115	12	159
2902	112	12	144
2903	108	12	115
2904	108	13	87
2905	107	12	80
2906	107	13	74
2907	109	15	41
2908	118	33	46
2909	117	38	118
2910	116	47	169
2911	120	59	176
2912	123	72	161
2913	123	86	159
2914	122	85	145
2915	121	85	154
2916	121	85	154
2917	120	86	138
2918	110	91	158
2919	103	92	136
2920	103	92	138
2921	98	92	148
2922	94	92	154
2923	93	92	147
2924	98	91	74
2924	90	94	33	f
2925	97	91	110
2926	99	91	87
2927	100	90	102
2928	98	90	108
2929	88	87	79
2929	98	90	59	f
2930	84	87	142
2931	80	84	164
2932	73	82	154
2933	70	80	154
2934	70	81	154
2935	70	81	150
2936	69	79	149
2937	66	77	146
2938	66	73	137
2939	66	72	150
2940	66	73	151
2941	65	72	150
2942	67	71	175
2943	67	71	167
2944	68	70	176
2945	67	70	160
2946	67	69	135
2947	68	66	102
2947	66	56	43	f
2948	66	54	66
2948	68	63	48	f
2949	66	53	68
2949	68	63	38	f
2950	66	53	67
2950	68	63	47	f
2951	67	54	62
2951	68	63	43	f
2952	67	54	72
2952	70	64	53	f
2953	67	54	74
2953	70	63	59	f
2954	67	54	71
2954	69	64	56	f
2955	67	54	75
2955	70	64	56	f
2956	66	53	84
2956	69	64	54	f
2957	66	48	123
2958	66	46	129
2959	66	48	90
2960	66	45	131
2961	66	44	118
2962	66	45	124
2963	66	45	126
2964	66	45	119
2965	66	45	123
2966	66	45	129
2967	66	45	131
2968	66	45	120
2969	66	46	121
2970	67	46	115
2971	67	46	117
2972	67	46	128
2973	66	47	121
2974	66	46	140
2975	66	45	132
2976	67	45	142
2977	66	45	143
2978	67	46	134
2979	67	45	136
2980	66	46	131
2981	66	46	124
2982	67	47	129
2983	67	46	118
2984	67	46	125
2985	67	46	127
2986	67	46	126
2987	67	46	131
2988	66	46	128
2989	67	46	134
2990	66	46	132
2991	66	46	135
2992	66	46	133
2993	66	46	132
2994	66	46	129
2995	66	46	133
2996	66	46	134
2997	66	46	134
2998	66	46	135
2999	66	46	135
3000	66	46	136
3001	66	46	136
3002	66	46	135
3003	66	46	134
3004	66	46	135
3005	66	46	136
3006	67	46	131
3007	66	46	129
3008	66	46	132
3009	66	46	127
3010	66	46	128
3011	66	46	133
3012	66	46	127
3013	66	46	131
3014	66	45	124
3015	66	46	132
3016	66	46	128
3017	65	41	139
3018	65	40	141
3019	65	39	142
3020	65	39	154
3021	65	39	138
3022	65	40	119
3023	66	43	132
3024	67	44	114
3025	67	43	100
3026	67	44	106
3027	66	44	103
3028	66	45	104
3029	64	45	125
3030	65	43	118
3031	64	43	120
3032	65	43	115
3033	64	43	108
3034	66	45	107
3035	66	45	96
3036	67	46	115
3037	67	46	113
3038	67	45	98
3039	67	45	99
3040	67	46	100
3041	67	51	123
3042	68	53	114
3043	72	65	69
3043	69	56	66	f
3044	70	66	96
3044	68	56	56	f
3045	71	71	162
3046	71	75	162
3047	74	80	159
3048	74	80	160
3049	73	78	169
3050	75	80	176
3051	81	83	167
3052	82	83	158
3053	77	84	132
3054	80	84	149
3055	81	87	125
3056	81	87	139
3057	80	85	151
3058	79	84	151
3059	70	80	148
3060	69	80	142
3061	67	76	141
3062	65	72	143
3063	65	71	150
3064	65	70	145
3065	64	68	131
3066	65	67	118
3067	66	66	100
3068	66	65	99
3069	67	64	67
3069	69	55	58	f
3070	67	54	92
3071	66	52	106
3072	67	52	115
3073	67	53	107
3074	67	52	118
3075	67	52	105
3076	67	51	118
3077	67	52	106
3078	66	53	93
3079	65	51	93
3080	64	43	93
3081	65	43	76
3082	65	42	67
3083	65	44	81
3084	65	43	75
3085	65	43	76
3086	65	44	79
3087	65	44	76
3088	65	43	67
3089	65	43	70
3090	65	44	76
3091	65	43	69
3092	65	44	75
3093	65	43	73
3094	65	44	74
3095	65	43	64
3096	65	43	65
3097	65	43	64
3098	65	44	73
3099	65	43	64
3100	65	44	72
3101	65	44	78
3102	64	44	75
3103	65	44	70
3104	63	45	105
3105	65	44	79
3106	65	44	74
3107	65	44	73
3108	65	44	80
3109	65	44	76
3110	65	45	79
3111	65	44	77
3112	65	44	74
3112	60	47	30	f
3113	64	44	71
3113	60	48	32	f
3114	65	44	75
3115	64	44	74
3116	65	44	77
3117	65	44	74
3118	64	45	74
3119	64	45	70
3120	64	45	63
3121	65	45	56
3122	65	46	62
3123	64	45	72
3124	65	46	61
3125	65	45	54
3126	65	45	57
3127	65	46	58
3128	64	44	66
3129	64	44	75
3130	65	45	74
3131	65	44	72
3132	65	44	70
3133	64	44	74
3134	65	44	76
3135	65	44	70
3136	65	44	76
3137	65	44	77
3138	65	44	76
3139	65	44	78
3140	65	44	83
3141	65	44	82
3142	65	44	82
3143	65	44	78
3144	65	45	85
3145	65	45	78
3146	65	45	78
3147	65	45	78
3148	65	45	68
3149	65	44	76
3150	65	44	83
3151	65	43	89
3152	65	43	80
3153	66	43	85
3154	67	43	107
3155	66	43	90
3156	65	42	87
3157	64	42	82
3158	65	44	79
3159	65	43	87
3160	65	44	88
3161	65	44	93
3162	65	43	86
3163	65	44	84
3164	64	43	93
3165	65	44	84
3166	65	44	88
3167	65	44	90
3168	64	44	95
3169	64	44	101
3170	65	44	83
3171	64	42	117
3172	65	43	90
3173	64	41	109
3174	65	40	111
3175	64	40	110
3176	64	39	115
3177	64	28	126
3178	62	19	147
3179	59	18	149
3180	58	17	127
3181	54	16	126
3182	51	17	146
3183	49	19	132
3184	52	17	94
3185	52	17	87
3186	53	17	88
3187	50	17	102
3188	43	20	105
3189	36	21	159
3190	30	20	155
3191	25	20	164
3192	23	20	163
3193	23	20	163
3194	21	20	183
3195	21	23	152
3196	20	24	162
3197	20	24	163
3198	20	23	158
3199	20	23	169
3200	24	22	155
3201	24	21	157
3202	27	21	141
3203	26	19	160
3204	26	19	147
3205	27	18	151
3206	26	21	146
3207	23	23	136
3208	22	23	115
3209	18	33	136
3210	17	33	120
3211	16	36	100
3212	19	44	154
3213	22	52	137
3214	22	61	146
3215	22	68	156
3216	23	74	155
3217	22	75	149
3218	22	76	154
3219	22	75	148
3220	22	75	142
3221	25	84	160
3222	28	88	129
3223	28	89	121
3224	29	90	117
3225	28	90	126
3226	28	90	120
3227	30	91	88
3227	40	89	38	f
3228	31	92	76
3228	40	90	39	f
3229	41	87	88
3229	34	91	36	f
3230	43	86	122
3231	43	87	105
3232	44	88	126
3233	44	88	122
3234	44	87	132
3235	46	86	149
3236	54	84	157
3237	63	82	147
3238	64	80	155
3239	66	75	151
3240	67	71	144
3241	67	72	139
3242	66	70	165
3243	67	71	153
3244	67	71	139
3245	67	71	145
3246	67	71	149
3247	67	70	143
3248	66	69	132
3249	66	68	113
3250	65	50	105
3251	65	46	117
3252	65	45	104
3253	66	44	122
3254	68	35	164
3255	72	29	173
3256	72	26	155
3257	73	25	134
3258	77	22	144
3259	78	20	131
3260	79	20	137
3261	88	18	84
3261	77	19	42	f
3262	88	17	126
3263	92	20	164
3264	95	21	153
3265	95	20	141
3266	94	19	122
3267	93	19	131
3268	91	20	128
3269	91	19	128
3270	91	19	139
3271	90	18	127
3272	90	18	134
3273	91	18	136
3274	91	18	138
3275	91	18	138
3276	92	18	136
3277	92	18	135
3278	92	18	134
3279	91	17	137
3280	92	17	140
3281	92	17	141
3282	95	17	133
3283	97	19	91
3284	104	24	35
3285	104	24	NP
3286	104	24	NP
3287	104	24	NP
3288	104	24	NP
3289	104	24	NP
3290	104	24	NP
3291	104	24	NP
3292	104	24	NP
3293	104	24	NP
3294	104	24	NP
3295	104	24	NP
3296	104	24	NP
3297	104	24	NP
3298	104	24	NP
3299	104	24	NP
3300	104	24	NP
3301	104	24	NP
3302	104	24	NP
3303	104	24	NP
3304	104	24	NP
3305	104	24	NP
3306	104	24	NP
3307	104	24	NP
3308	104	24	NP
3309	104	24	NP
3310	104	24	NP
3311	104	24	NP
3312	104	24	NP
3313	104	24	NP
3314	104	24	NP
3315	117	21	33
3316	118	18	65
3317	116	16	57
3318	115	15	60
3319	116	16	54
3320	116	16	NP
3321	116	16	NP
3322	116	16	NP
3323	116	16	NP
3324	116	16	NP
3325	119	33	55
3326	119	36	97
3327	120	38	148
3328	118	48	168
3329	116	56	173
3330	116	58	136
3331	116	60	152
3332	116	65	161
3333	114	74	167
3334	115	83	163
3335	116	84	151
3336	116	84	148
3337	116	84	151
3338	116	84	147
3339	116	85	153
3340	116	84	161
3341	119	88	153
3342	119	89	136
3343	120	89	145
3344	120	88	143
3345	117	88	127
3346	111	93	154
3347	106	93	161
3348	104	93	131
3349	103	93	128
3350	102	91	107
3351	102	91	110
3352	101	91	112
3353	101	91	112
3354	93	90	138
3355	83	91	148
3356	75	91	163
3357	60	93	156
3358	53	93	162
3359	54	93	163
3360	53	93	167
3361	51	93	156
3362	51	93	154
3363	51	93	155
3364	50	92	162
3365	47	90	147
3366	46	90	137
3367	48	88	140
3368	49	88	141
3369	52	86	162
3370	55	84	145
3371	56	84	144
3372	55	85	137
3373	55	85	140
3374	55	85	151
3375	55	85	151
3376	55	85	150
3377	55	85	149
3378	55	85	148
3379	55	85	137
3380	55	85	158
3381	55	85	156
3382	55	85	152
3383	55	85	153
3384	55	85	149
3385	55	85	150
3386	55	85	150
3387	55	85	150
3388	55	85	153
3389	55	85	151
3390	55	86	148
3391	55	86	141
3392	55	86	160
3393	58	86	174
3394	59	85	178
3395	60	83	188
3396	61	81	196
3397	61	79	191
3398	65	74	156
3399	67	71	153
3400	67	71	146
3401	67	70	146
3402	67	70	149
3403	67	69	124
3404	67	67	100
3404	67	56	39	f
3405	66	51	100
3405	67	63	34	f
3406	66	45	138
3407	65	41	141
3408	67	34	164
3409	66	26	153
3410	64	20	158
3411	63	19	153
3412	62	17	152
3413	61	17	153
3414	61	16	137
3415	61	15	143
3416	60	16	137
3417	59	16	151
3418	59	17	146
3419	59	16	144
3420	59	16	143
3421	54	15	148
3422	51	15	146
3423	51	15	152
3424	47	15	155
3425	43	16	166
3426	40	17	147
3427	37	18	161
3428	33	19	156
3429	30	19	172
3430	31	19	162
3431	29	19	164
3432	29	21	171
3433	26	22	146
3434	22	24	143
3435	22	24	140
3436	23	24	130
3436	15	31	32	f
3437	21	25	167
3438	21	25	163
3439	21	25	160
3440	21	25	158
3441	21	25	133
3442	20	28	123
3443	20	30	124
3444	19	25	65
3444	19	33	42	f
3445	21	35	67
3445	19	25	65	f
3446	19	30	138
3447	19	25	66
3447	18	34	55	f
3448	19	26	103
3449	19	27	123
3450	18	29	144
3451	15	34	95
3451	20	25	61	f
3452	14	33	81
3452	20	25	66	f
3453	15	32	64
3453	20	25	63	f
3454	18	30	133
3455	20	25	64
3455	16	34	64	f
3456	19	36	105
3457	21	43	150
3458	22	51	151
3459	22	62	149
3460	23	72	165
3461	22	73	148
3462	25	83	169
3463	28	87	127
3464	29	89	118
3465	29	89	110
3466	29	89	105
3466	40	91	33	f
3467	29	89	104
3467	40	91	36	f
3468	29	89	90
3468	40	88	36	f
3469	34	89	146
3470	42	87	93
3471	43	87	107
3472	43	87	112
3473	43	87	113
3474	45	86	129
3475	47	86	158
3476	49	86	169
3477	51	85	175
3478	52	84	193
3479	52	84	178
3480	55	84	187
3481	62	81	200
3482	66	82	186
3483	68	82	160
3484	68	82	163
3485	68	82	166
3486	69	82	165
3487	69	83	169
3488	69	83	168
3489	69	83	174
3490	69	83	173
3491	69	83	174
3492	69	83	171
3493	69	83	174
3494	69	83	171
3495	69	83	171
3496	69	83	172
3497	69	83	171
3498	67	81	156
3499	67	80	158
3500	68	75	142
3501	68	70	143
3502	68	68	121
3503	66	52	96
3504	65	45	131
3505	65	37	127
3506	66	31	158
3507	71	17	155
3508	73	16	151
3509	73	16	150
3510	73	16	149
3511	72	16	147
3512	71	18	142
3513	71	17	141
3514	72	16	153
3515	72	16	139
3516	72	17	145
3517	72	17	149
3518	72	17	145
3519	72	17	142
3520	72	18	147
3521	72	19	144
3522	73	20	157
3523	72	20	139
3524	71	19	126
3525	72	19	154
3526	72	19	148
3527	71	19	138
3528	72	19	151
3529	74	17	144
3530	73	16	157
3531	71	16	161
3532	66	13	157
3533	62	13	160
3534	60	13	138
3535	58	14	133
3536	57	14	127
3537	56	15	114
3538	54	16	110
3539	54	16	100
3540	55	15	90
3541	55	16	86
3542	55	16	85
3543	55	15	113
3544	55	17	123
3545	55	17	131
3546	55	17	135
3547	55	17	147
3548	56	17	141
3549	56	17	143
3550	56	17	151
3551	56	17	143
3552	55	16	132
3553	55	16	134
3554	55	16	135
3555	55	16	135
3556	55	16	133
3557	55	16	133
3558	55	16	132
3559	55	16	127
3560	56	17	122
3561	59	20	150
3562	63	22	152
3563	68	22	144
3564	70	23	163
3565	69	21	174
3566	73	17	144
3567	74	17	136
3568	73	18	142
3569	73	18	132
3570	74	17	146
3571	74	17	153
3572	74	17	146
3573	74	19	140
3574	71	21	140
3575	69	20	148
3576	65	18	151
3577	63	19	142
3578	64	19	149
3579	64	19	155
3580	63	19	155
3581	63	19	152
3582	63	19	146
3583	60	19	128
3584	60	19	136
3585	59	19	129
3586	59	19	133
3587	58	19	131
3588	58	19	125
3589	58	19	108
3590	57	18	116
3591	57	18	114
3592	57	18	109
3593	57	18	112
3594	58	18	115
3595	57	18	125
3596	57	18	124
3597	57	19	114
3597	45	19	37	f
3598	43	21	85
3598	54	19	69	f
3599	43	21	54
3599	54	19	45	f
3600	43	20	69
3600	54	19	52	f
3601	42	20	67
3601	54	19	48	f
3602	43	20	72
3602	54	18	46	f
3603	42	20	78
3603	54	19	51	f
3604	42	20	75
3604	54	19	52	f
3605	43	20	75
3605	54	19	52	f
3606	43	20	81
3606	54	19	55	f
3607	43	21	139
3608	39	21	145
3609	39	21	131
3610	38	20	143
3611	39	20	136
3612	40	20	133
3613	39	21	129
3614	38	21	155
3615	31	22	168
3616	28	23	168
3617	24	23	166
3618	23	23	168
3619	23	23	167
3620	20	23	159
3621	20	23	160
3622	20	23	165
3623	18	21	176
3624	18	20	174
3625	18	19	177
3626	18	19	176
3627	18	19	169
3628	22	21	151
3629	20	27	133
3630	19	36	79
3630	20	25	53	f
3631	21	44	160
3632	21	62	159
3633	23	75	157
3634	26	82	130
3635	30	87	106
3636	32	88	118
3637	30	87	80
3637	41	91	40	f
3638	30	87	86
3638	41	91	31	f
3639	34	88	120
3640	32	88	53
3640	41	89	53	f
3641	44	88	125
3642	51	85	164
3643	62	81	166
3644	66	76	157
3645	69	72	158
3646	69	71	156
3647	69	72	159
3648	69	72	158
3649	68	70	151
3650	68	71	144
3651	68	71	145
3652	69	71	150
3653	69	71	157
3654	69	70	163
3655	69	71	159
3656	69	71	154
3657	69	71	154
3658	69	71	153
3659	69	71	154
3660	69	71	154
3661	69	70	149
3662	69	71	155
3663	69	71	156
3664	69	69	139
3665	70	68	126
3666	70	66	105
3667	66	53	104
3668	65	47	120
3669	65	42	122
3670	65	37	131
3671	66	29	143
3672	65	24	137
3673	66	22	161
3674	62	17	157
3675	61	17	153
3676	61	17	152
3677	61	17	149
3678	61	17	152
3679	60	18	144
3680	59	17	126
3681	57	17	110
3682	52	18	118
3683	44	20	129
3684	42	22	82
3685	42	22	84
3686	42	22	107
3687	40	22	123
3688	41	21	111
3689	36	22	147
3690	34	22	157
3691	34	22	155
3692	34	22	161
3693	34	21	152
3694	34	21	155
3695	36	21	134
3696	38	21	118
3697	40	21	98
3698	39	21	94
3699	39	22	86
3700	39	20	110
3701	41	19	117
3702	43	17	111
3703	43	18	116
3704	43	18	118
3705	43	18	116
3706	43	18	113
3707	44	18	109
3708	43	17	107
3709	42	20	119
3710	40	21	118
3711	40	21	127
3712	39	21	136
3713	37	21	140
3714	37	21	143
3715	37	21	150
3716	34	22	155
3717	33	22	172
3718	33	23	164
3719	33	23	174
3720	33	22	169
3721	33	22	164
3722	32	22	169
3723	33	22	170
3724	35	21	155
3725	36	21	163
3726	35	21	167
3727	38	19	146
3728	36	19	161
3729	32	18	147
3730	32	17	146
3731	32	17	138
3732	31	18	149
3733	28	19	157
3734	22	19	167
3735	22	20	165
3736	22	20	161
3737	22	22	149
3738	20	23	139
3739	20	23	131
3740	21	23	118
3741	21	22	119
3742	20	23	137
3743	20	23	133
3744	20	23	135
3745	19	24	139
3746	20	23	141
3747	20	23	139
3748	21	22	114
3749	21	22	115
3750	21	22	116
3751	22	22	106
3752	20	23	152
3753	19	24	157
3754	20	24	138
3755	20	24	132
3756	20	23	134
3757	22	23	151
3758	19	23	143
3759	17	22	143
3760	16	21	157
3761	17	21	168
3762	17	21	170
3763	17	21	172
3764	18	22	163
3765	21	22	141
3766	28	17	171
3767	38	13	160
3768	44	13	108
3769	47	14	66
3770	45	19	90
3771	42	22	113
3772	42	23	116
3773	43	23	103
3774	43	23	106
3775	43	23	113
3776	43	23	113
3777	42	23	111
3778	42	23	111
3779	42	23	111
3780	42	23	112
3781	42	23	112
3782	42	23	114
3783	42	23	113
3784	42	23	112
3785	42	23	115
3786	42	23	114
3787	42	23	114
3788	43	23	106
3789	43	23	103
3790	43	23	115
3791	42	22	122
3792	39	20	133
3793	39	20	133
3794	35	21	145
3795	35	21	125
3796	35	21	133
3797	37	20	130
3798	39	19	128
3799	39	19	139
3800	41	19	139
3801	41	19	126
3802	41	19	118
3803	41	19	116
3804	42	18	125
3805	41	19	117
3806	41	18	132
3807	41	18	127
3808	41	18	127
3809	41	18	124
3810	40	17	124
3811	35	19	165
3812	28	22	161
3813	25	24	147
3814	20	28	119
3815	19	33	126
3816	18	44	152
3817	17	50	158
3818	14	60	171
3819	16	70	161
3820	18	76	157
3821	20	79	149
3822	24	82	138
3823	31	87	92
3824	30	87	88
3824	40	92	31	f
3825	32	89	95
3826	31	88	78
3827	31	88	69
3828	34	88	114
3829	34	88	117
3830	35	88	121
3831	31	89	70
3831	41	88	47	f
3832	37	87	98
3833	32	89	54
3833	40	86	53	f
3834	36	88	99
3835	36	88	103
3836	37	88	114
3837	41	88	62
3837	32	89	37	f
3838	45	87	122
3839	49	86	156
3840	56	85	156
3841	56	85	154
3842	57	84	153
3843	62	80	165
3844	65	74	152
3845	67	71	137
3846	69	70	158
3847	68	71	151
3848	68	70	147
3849	68	71	146
3850	68	71	146
3851	68	70	139
3852	68	71	135
3853	68	70	143
3854	68	70	150
3855	68	70	146
3856	68	71	150
3857	68	73	145
3858	68	73	148
3859	69	73	138
3860	70	75	148
3861	71	76	143
3862	74	80	158
3863	79	83	168
3864	83	83	154
3865	84	83	136
3866	84	83	140
3867	84	83	139
3868	84	83	136
3869	83	84	131
3870	84	83	144
3871	85	83	137
3872	85	83	145
3873	84	83	142
3874	84	85	133
3875	88	87	131
3876	88	88	125
3877	87	89	151
3878	84	92	134
3879	84	93	141
3880	83	93	143
3881	83	93	139
3882	83	93	145
3883	83	93	139
3884	84	92	117
3885	84	93	140
3886	84	93	143
3887	83	93	153
3888	81	93	155
3889	72	92	152
3890	63	92	163
3891	57	93	169
3892	55	93	166
3893	55	93	164
3894	55	93	167
3895	55	93	166
3896	56	93	148
3897	56	92	146
3898	51	93	161
3899	51	93	148
3900	50	92	141
3901	47	90	155
3902	46	88	150
3903	46	88	147
3904	47	86	146
3905	48	86	144
3906	48	86	145
3907	48	86	144
3908	48	86	144
3909	48	86	144
3910	47	87	136
3911	48	87	140
3912	47	87	148
3913	47	87	149
3914	47	86	137
3915	48	84	142
3916	50	83	144
3917	50	83	152
3918	51	83	140
3919	51	83	144
3920	51	83	146
3921	52	83	148
3922	52	83	145
3923	51	83	148
3924	52	83	148
3925	52	83	151
3926	52	83	151
3927	52	83	150
3928	52	83	148
3929	52	83	147
3930	52	83	146
3931	52	83	141
3932	52	83	143
3933	52	83	141
3934	52	83	140
3935	52	83	140
3936	52	83	140
3937	52	83	141
3938	52	83	139
3939	52	83	141
3940	52	83	139
3941	52	83	141
3942	52	83	141
3943	52	83	141
3944	52	83	141
3945	52	83	141
3946	52	83	142
3947	51	83	129
3948	51	83	128
3949	51	83	132
3950	52	83	138
3951	52	83	143
3952	52	83	149
3953	52	83	138
3954	52	83	142
3955	51	84	135
3956	52	83	132
3957	52	83	135
3958	52	84	137
3959	52	83	148
3960	52	83	144
3961	52	83	147
3962	52	83	149
3963	51	83	137
3964	51	83	133
3965	51	83	138
3966	51	83	139
3967	51	83	139
3968	52	83	139
3969	52	83	139
3970	52	83	137
3971	51	83	135
3972	52	83	145
3973	52	83	141
3974	52	83	142
3975	52	83	141
3976	52	83	139
3977	52	83	145
3978	52	83	140
3979	52	83	143
3980	52	83	141
3981	52	83	144
3982	52	83	140
3983	52	83	141
3984	52	83	139
3985	52	83	143
3986	52	83	142
3987	52	83	144
3988	52	83	144
3989	52	83	145
3990	52	83	144
3991	52	83	146
3992	52	83	144
3993	52	83	145
3994	52	83	145
3995	52	83	145
3996	52	83	146
3997	52	83	145
3998	52	83	145
3999	52	83	146
4000	52	83	145
4001	52	83	145
4002	52	83	146
4003	52	83	144
4004	52	83	144
4005	52	83	144
4006	52	83	143
4007	52	83	143
4008	52	83	143
4009	52	83	143
4010	51	83	131
4011	52	83	125
4012	52	83	133
4013	51	84	123
4014	52	83	138
4015	52	83	140
4016	51	83	142
4017	52	83	143
4018	52	83	143
4019	52	83	146
4020	51	83	143
4021	52	83	145
4022	52	83	146
4023	52	83	146
4024	52	83	146
4025	52	83	146
4026	52	83	146
4027	52	83	145
4028	52	83	145
4029	52	83	144
4030	52	83	140
4031	52	83	141
4032	52	83	140
4033	52	83	138
4034	52	83	138
4035	52	83	135
4036	52	83	135
4037	52	83	139
4038	52	83	140
4039	52	83	143
4040	52	83	147
4041	52	83	140
4042	52	83	143
4043	52	83	144
4044	52	83	147
4045	52	83	144
4046	52	83	147
4047	52	83	147
4048	52	83	148
4049	52	83	148
4050	52	83	145
4051	52	83	143
4052	52	83	143
4053	52	83	143
4054	52	83	143
4055	52	83	139
4056	52	83	143
4057	52	83	142
4058	52	83	136
4059	52	83	139
4060	52	83	139
4061	52	83	138
4062	52	83	140
4063	52	83	140
4064	52	83	144
4065	52	83	143
4066	52	83	144
4067	52	83	145
4068	52	83	144
4069	52	83	147
4070	52	83	144
4071	52	83	144
4072	52	83	145
4073	52	83	145
4074	52	83	145
4075	52	83	145
4076	52	83	146
4077	52	83	145
4078	52	83	144
4079	52	83	143
4080	52	83	142
4081	53	83	147
4082	52	83	142
4083	52	83	139
4084	52	83	131
4085	51	84	125
4086	52	84	142
4087	52	84	152
4088	52	84	145
4089	52	84	148
4090	52	84	152
4091	52	84	145
4092	52	84	146
4093	52	84	150
4094	52	84	147
4095	53	84	140
4096	52	84	147
4097	52	84	150
4098	52	84	147
4099	52	84	147
4100	52	84	146
4101	52	84	142
4102	52	84	147
4103	52	84	141
4104	53	84	148
4105	52	83	150
4106	53	83	158
4107	53	83	164
4108	53	83	166
4109	52	83	144
4110	52	84	139
4111	52	84	138
4112	52	84	145
4113	52	84	144
4114	52	84	143
4115	52	84	148
4116	52	83	150
4117	53	83	157
4118	53	83	157
4119	53	83	155
4120	53	83	155
4121	53	83	156
4122	53	83	157
4123	53	83	154
4124	53	83	152
4125	53	83	155
4126	53	83	152
4127	53	83	152
4128	53	83	150
4129	53	83	150
4130	51	84	131
4131	52	84	126
4132	52	83	140
4133	53	83	149
4134	53	83	144
4135	53	84	148
4136	53	84	140
4137	54	85	150
4138	53	84	138
4139	53	84	143
4140	53	84	147
4141	53	84	149
4142	53	84	147
4143	53	84	145
4144	54	84	151
4145	54	83	159
4146	54	83	158
4147	54	83	159
4148	54	83	158
4149	54	83	159
4150	54	83	159
4151	54	83	157
4152	54	83	155
4153	54	83	153
4154	54	83	153
4155	54	83	152
4156	54	83	151
4157	54	83	151
4158	54	83	151
4159	54	83	151
4160	54	83	151
4161	54	83	152
4162	54	83	154
4163	54	83	156
4164	54	83	154
4165	54	83	154
4166	53	83	132
4167	53	84	142
4168	54	84	144
4169	53	84	141
4170	53	84	139
4171	53	84	141
4172	53	84	140
4173	53	84	141
4174	53	84	140
4175	53	84	141
4176	53	84	138
4177	53	84	142
4178	52	84	137
4179	53	83	147
4180	54	83	148
4181	53	83	148
4182	53	83	148
4183	54	83	150
4184	54	83	150
4185	54	83	148
4186	54	83	152
4187	54	83	151
4188	54	83	150
4189	54	83	148
4190	54	83	150
4191	54	83	150
4192	54	83	150
4193	54	83	150
4194	54	83	150
4195	54	83	150
4196	54	83	150
4197	54	83	150
4198	54	83	150
4199	54	83	150
4200	54	83	150
4201	54	83	149
4202	54	83	149
4203	54	83	149
4204	54	83	149
4205	54	83	149
4206	54	83	149
4207	54	83	148
4208	54	83	149
4209	54	83	149
4210	54	83	150
4211	53	83	148
4212	54	84	151
4213	54	84	147
4214	54	84	144
4215	54	84	153
4216	54	84	151
4217	54	84	149
4218	54	84	150
4219	54	84	153
4220	54	84	150
4221	53	84	144
4222	54	84	147
4223	54	84	154
4224	54	84	148
4225	54	84	150
4226	54	84	149
4227	54	84	151
4228	54	84	148
4229	54	84	153
4230	54	84	147
4231	54	84	150
4232	54	84	147
4233	54	84	149
4234	54	84	146
4235	54	84	149
4236	54	84	148
4237	54	84	149
4238	54	84	150
4239	54	84	149
4240	54	84	151
4241	54	84	147
4242	54	84	147
4243	53	84	151
4244	54	83	149
4245	53	84	148
4246	53	84	135
4247	53	84	139
4248	53	84	142
4249	53	84	139
4250	53	84	141
4251	53	84	143
4252	53	84	144
4253	53	84	143
4254	53	84	144
4255	53	84	143
4256	53	84	142
4257	53	84	148
4258	53	84	146
4259	53	84	139
4260	53	84	141
4261	53	84	136
4262	53	84	136
4263	53	84	141
4264	53	84	141
4265	53	84	140
4266	53	84	140
4267	53	84	141
4268	53	84	144
4269	53	84	144
4270	53	84	145
4271	53	84	146
4272	53	84	147
4273	53	84	141
4274	53	84	144
4275	53	84	145
4276	53	84	147
4277	53	84	147
4278	53	84	148
4279	53	84	149
4280	53	84	149
4281	54	84	150
4282	53	83	148
4283	53	84	145
4284	53	83	151
4285	53	84	147
4286	53	84	146
4287	54	84	149
4288	53	84	142
4289	54	84	144
4290	53	83	142
4291	53	83	141
4292	53	83	142
4293	53	83	141
4294	53	83	135
4295	53	83	141
4296	53	83	142
4297	53	84	139
4298	53	84	138
4299	53	84	140
4300	53	84	139
4301	53	84	142
4302	53	83	147
4303	53	84	141
4304	53	84	141
4305	53	83	143
4306	53	84	140
4307	53	84	141
4308	53	84	139
4309	53	84	145
4310	53	84	131
4311	53	84	143
4312	53	83	132
4313	53	84	132
4314	53	84	132
4315	53	84	138
4316	52	84	126
4317	52	84	128
4318	54	83	144
4319	54	83	147
4320	54	83	153
4321	53	83	149
4322	54	84	152
4323	54	83	152
4324	54	84	150
4325	53	83	149
4326	53	83	142
4327	53	84	146
4328	54	84	152
4329	54	84	152
4330	53	83	147
4331	53	84	144
4332	53	84	147
4333	53	84	150
4334	53	84	148
4335	53	84	146
4336	53	84	146
4337	53	83	144
4338	53	83	144
4339	53	84	146
4340	53	84	146
4341	53	84	146
4342	53	83	147
4343	53	83	147
4344	53	83	147
4345	53	83	148
4346	53	83	147
4347	53	83	147
4348	53	83	147
4349	53	83	147
4350	53	83	147
4351	53	83	147
4352	53	83	148
4353	53	83	148
4354	53	83	148
4355	54	83	151
4356	53	83	147
4357	53	83	150
4358	54	83	150
4359	54	83	150
4360	54	83	150
4361	53	83	147
4362	53	83	147
4363	54	83	149
4364	54	83	149
4365	54	83	149
4366	54	83	149
4367	54	83	149
4368	54	83	148
4369	54	83	149
4370	54	83	149
4371	54	83	149
4372	54	83	150
4373	54	83	150
4374	54	83	150
4375	54	83	150
4376	54	83	150
4377	54	83	151
4378	54	83	151
4379	53	83	152
4380	53	83	140
4381	52	83	142
4382	53	83	144
4383	52	84	144
4384	53	84	146
4385	53	83	146
4386	53	83	148
4387	53	83	146
4388	53	83	143
4389	53	83	144
4390	53	83	145
4391	53	83	145
4392	53	83	146
4393	53	83	146
4394	53	83	142
4395	53	83	140
4396	53	83	140
4397	53	83	140
4398	53	83	142
4399	53	83	141
4400	53	83	141
4401	53	83	141
4402	53	83	141
4403	53	83	141
4404	53	83	142
4405	53	83	142
4406	53	83	142
4407	53	83	149
4408	53	83	145
4409	53	83	145
4410	53	83	148
4411	53	83	149
4412	53	83	149
4413	53	83	149
4414	53	83	150
4415	53	83	146
4416	53	83	150
4417	53	83	149
4418	53	83	149
4419	53	83	146
4420	53	83	142
4421	53	83	141
4422	53	83	142
4423	53	83	141
4424	53	83	141
4425	52	83	138
4426	52	83	142
4427	52	83	142
4428	53	83	146
4429	53	83	151
4430	53	84	147
4431	53	84	149
4432	53	84	152
4433	53	84	153
4434	53	84	154
4435	53	84	153
4436	53	84	153
4437	53	84	154
4438	53	84	154
4439	53	84	153
4440	53	84	147
4441	53	84	148
4442	53	84	147
4443	53	84	145
4444	53	84	145
4445	53	84	145
4446	53	84	145
4447	53	84	146
4448	53	84	147
4449	53	84	148
4450	53	84	149
4451	53	83	146
4452	53	84	148
4453	53	84	152
4454	53	84	153
4455	51	83	148
4456	51	84	140
4457	52	83	154
4458	52	83	149
4459	52	84	150
4460	52	84	148
4461	52	84	139
4462	51	84	137
4463	51	84	136
4464	51	84	136
4465	51	84	136
4466	51	84	141
4467	51	84	141
4468	52	84	151
4469	52	85	153
4470	52	85	146
4471	52	84	134
4472	52	84	148
4473	52	84	149
4474	52	83	157
4475	52	83	158
4476	52	83	147
4477	52	83	146
4478	52	83	146
4479	52	83	148
4480	52	84	144
4481	52	84	149
4482	54	84	159
4483	57	87	153
4484	57	88	162
4485	58	88	165
4486	58	88	173
4487	58	85	163
4488	60	84	151
4489	62	78	162
4490	64	72	146
4491	64	70	134
4492	65	70	127
4493	65	67	115
4494	65	65	70
4494	66	54	65	f
4495	65	50	110
4496	65	45	122
4497	65	38	142
4498	68	31	174
4499	72	25	166
4500	72	25	156
4501	72	26	152
4502	72	25	150
4503	73	23	163
4504	76	19	155
4505	76	18	134
4506	74	19	139
4507	71	19	156
4508	62	17	145
4509	59	17	134
4510	58	16	131
4511	59	16	134
4512	60	16	135
4513	60	17	138
4514	59	17	142
4515	60	17	136
4516	60	17	130
4517	58	16	128
4518	55	15	142
4519	57	16	129
4520	58	16	141
4521	58	15	151
4522	59	16	142
4523	59	18	139
4524	59	18	134
4525	58	18	133
4526	58	18	130
4527	58	17	124
4528	58	16	135
4529	58	16	134
4530	58	16	128
4531	58	16	130
4532	58	16	135
4533	58	16	139
4534	58	16	144
4535	59	16	135
4536	59	17	138
4537	59	17	138
4538	58	17	136
4539	58	17	130
4540	58	16	128
4541	53	16	143
4542	47	15	157
4543	39	14	139
4544	27	17	159
4545	23	19	153
4546	24	18	172
4547	26	19	171
4548	23	21	145
4549	23	21	134
4550	23	22	137
4551	22	24	164
4552	21	25	140
4553	22	24	69
4553	20	35	59	f
4554	19	39	117
4555	21	48	149
4556	21	57	163
4557	17	68	163
4558	15	73	170
4559	16	75	160
4560	20	79	141
4561	21	79	149
4562	20	79	147
4563	20	80	147
4564	23	80	142
4565	30	84	101
4566	30	84	72
4566	41	85	37	f
4567	31	84	67
4567	41	84	42	f
4568	42	86	62
4569	44	87	103
4570	50	87	144
4571	50	87	148
4572	51	87	154
4573	52	87	160
4574	56	85	164
4575	61	84	142
4576	67	82	155
4577	67	82	148
4578	67	82	143
4579	67	82	138
4580	69	83	158
4581	69	83	157
4582	71	82	164
4583	72	83	179
4584	72	83	182
4585	72	83	186
4586	72	83	178
4587	72	83	190
4588	73	83	190
4589	73	83	188
4590	72	83	180
4591	71	83	174
4592	70	83	146
4593	69	83	141
4594	67	80	154
4595	68	76	150
4596	68	71	157
4597	68	69	129
4598	68	68	126
4599	68	68	125
4600	68	68	127
4601	67	66	99
4602	67	64	63
4602	65	55	54	f
4603	65	54	56
4604	65	50	104
4605	65	46	86
4606	63	44	124
4607	63	43	124
4608	64	43	94
4609	64	43	96
4610	65	44	94
4611	65	43	98
4612	65	43	98
4613	65	43	93
4614	65	43	94
4615	65	42	111
4616	65	39	127
4617	65	31	145
4618	65	28	137
4619	62	19	150
4620	61	19	150
4621	60	18	141
4622	59	18	135
4623	59	18	129
4624	60	18	123
4625	60	18	131
4626	59	18	140
4627	59	18	133
4628	59	18	140
4629	59	18	140
4630	59	18	143
4631	60	18	133
4632	59	19	139
4633	60	19	145
4634	60	19	140
4635	61	18	137
4636	62	19	151
4637	64	19	122
4638	65	21	137
4639	65	27	133
4640	66	27	149
4641	69	31	152
4642	72	39	122
4643	72	45	119
4644	72	49	105
4645	72	44	53
4645	72	54	46	f
4646	72	44	55
4646	71	55	48	f
4647	70	51	109
4648	68	51	116
4649	69	50	121
4650	68	51	129
4651	68	50	134
4652	70	51	128
4653	69	53	100
4654	68	53	97
4655	69	53	106
4656	68	52	126
4657	68	53	123
4658	68	52	117
4659	69	53	107
4660	71	51	131
4661	72	47	131
4662	69	39	133
4663	69	39	130
4664	69	39	133
4665	68	39	132
4666	68	39	130
4667	67	39	138
4668	69	40	115
4669	69	40	115
4670	69	40	116
4671	69	39	122
4672	67	36	138
4673	67	34	149
4674	67	34	155
4675	67	34	149
4676	67	34	140
4677	67	34	149
4678	67	34	152
4679	67	34	152
4680	67	34	154
4681	68	36	131
4682	67	37	133
4683	69	38	138
4684	69	38	132
4685	68	39	125
4686	68	37	132
4687	66	33	132
4688	64	30	113
4689	65	30	116
4690	65	30	123
4691	65	32	97
4692	65	32	115
4693	68	26	136
4694	71	22	139
4695	78	17	133
4696	77	16	65
4696	86	15	55	f
4697	90	14	132
4698	92	12	144
4699	95	13	91
4700	95	13	NP
4701	95	13	NP
