Slice	X	Y	AREA
0	0	0	NP
1	63	82	158
2	65	72	143
3	65	72	150
4	65	72	146
5	65	73	145
6	67	71	157
7	69	68	148
8	69	68	129
9	69	68	143
10	69	69	132
11	69	69	133
12	69	67	119
12	69	56	35	f
13	69	66	97
13	68	56	48	f
14	69	65	85
14	72	55	62	f
15	72	51	116
16	72	51	124
17	72	50	152
18	71	50	146
19	71	52	138
20	69	52	132
21	69	53	120
22	69	53	120
23	69	52	142
24	69	48	151
25	71	44	152
26	72	41	177
27	71	39	168
28	70	40	174
29	68	37	173
30	68	37	143
31	67	35	163
32	67	35	178
33	70	36	164
34	70	35	170
35	70	32	169
36	70	34	163
37	68	33	165
38	66	29	175
39	66	30	166
40	69	31	154
41	71	29	171
42	73	27	166
43	74	27	179
44	73	27	166
45	74	27	166
46	73	27	161
47	69	28	166
48	65	25	159
49	64	24	157
50	62	22	171
51	62	22	170
52	62	22	158
53	63	23	152
54	63	24	157
55	65	25	153
56	63	24	174
57	66	25	140
58	68	25	153
59	70	25	159
60	70	25	153
61	70	23	153
62	71	23	162
63	71	23	148
64	71	23	149
65	72	23	140
66	72	23	142
67	72	23	139
68	73	23	142
69	73	23	158
70	73	23	161
71	73	23	147
72	77	22	167
73	78	22	159
74	73	23	145
75	72	23	145
76	71	24	149
77	71	24	127
78	70	24	140
79	70	23	147
80	71	23	145
81	71	24	139
82	71	23	154
83	74	23	159
84	71	23	145
85	70	24	145
86	69	25	141
87	69	24	126
88	65	20	146
89	63	18	162
90	64	21	161
91	63	22	152
92	63	21	162
93	65	21	139
94	65	22	133
95	66	23	136
96	66	22	131
97	66	25	143
98	66	36	144
99	67	46	160
100	69	49	158
101	69	52	139
102	69	53	113
103	69	53	116
104	69	52	123
105	71	47	150
106	72	43	142
107	69	39	155
108	68	37	146
109	68	38	144
110	68	36	116
111	67	35	112
112	66	32	148
113	65	32	158
114	66	33	124
115	67	34	111
116	67	35	115
117	66	35	118
118	67	34	145
119	68	33	139
120	68	33	142
121	69	31	168
122	69	31	161
123	70	28	171
124	72	26	153
125	73	26	153
126	73	26	144
127	73	25	153
128	73	26	139
129	73	25	151
130	73	25	144
131	73	25	149
132	73	24	162
133	74	24	139
134	74	24	140
135	75	23	151
136	74	24	142
137	76	23	168
138	76	23	158
139	76	23	164
140	76	23	162
141	75	23	175
142	77	21	182
143	74	23	163
144	71	23	164
145	69	22	161
146	66	21	160
147	68	21	151
148	72	20	142
149	73	21	153
150	75	19	159
151	81	19	154
152	90	18	166
153	100	22	170
154	109	23	184
155	108	23	173
156	108	24	171
157	110	25	182
158	109	25	176
159	111	26	174
160	114	31	144
161	118	40	155
162	119	51	172
163	120	63	165
164	116	73	179
165	116	74	175
166	115	80	172
167	110	85	172
168	106	88	161
169	104	88	153
170	99	88	158
171	100	88	108
171	89	86	30	f
172	96	88	151
173	85	90	152
174	78	89	171
175	72	84	172
176	67	73	166
177	68	73	161
178	68	72	170
179	68	72	169
180	67	73	158
181	66	72	178
182	67	73	167
183	67	72	174
184	67	72	165
185	67	73	159
186	68	71	178
187	68	71	173
188	69	68	142
189	69	68	124
189	69	56	41	f
190	68	52	113
190	69	63	30	f
191	68	51	137
192	70	47	154
193	70	45	147
194	70	43	163
195	70	35	158
196	70	28	162
197	71	28	138
198	71	27	136
199	75	23	138
200	75	23	150
201	74	24	109
202	74	24	128
203	78	22	165
204	77	22	154
205	77	22	153
206	74	24	142
207	71	22	157
208	64	17	170
209	60	17	159
210	58	15	142
211	59	15	132
212	57	16	133
213	55	16	124
214	49	17	163
215	40	20	135
216	38	20	117
217	39	19	110
218	37	19	92
219	36	20	76
219	21	19	45	f
220	30	19	147
221	36	20	74
222	35	21	59
223	37	20	87
224	34	18	155
225	31	17	174
226	31	16	179
227	31	17	167
228	38	18	131
229	39	19	120
230	39	19	130
231	39	18	133
232	42	19	122
233	44	17	121
234	44	16	113
235	47	18	145
236	51	18	151
237	60	23	161
238	67	31	150
239	69	41	166
240	69	49	162
241	68	49	159
242	68	49	148
243	68	50	162
244	68	50	166
245	69	50	160
246	69	50	162
247	69	50	157
248	68	49	147
249	67	52	138
250	69	52	104
251	69	52	106
252	67	51	81
253	66	51	94
254	66	49	109
255	67	50	84
256	66	50	99
257	66	48	104
258	66	48	101
259	66	48	104
260	66	49	85
261	66	46	97
262	66	42	85
263	65	40	93
264	65	33	134
265	65	33	122
266	64	33	131
267	64	31	138
268	62	28	149
269	60	23	138
270	58	20	124
271	55	19	151
272	52	18	172
273	51	17	165
274	46	18	155
275	40	21	121
276	34	22	45
277	18	23	47
277	34	22	37	f
278	18	23	56
279	18	23	NP
280	18	23	NP
281	18	23	NP
282	19	34	44
283	20	36	71
284	20	38	123
285	21	44	160
286	21	46	157
287	21	53	170
288	20	64	168
289	17	69	184
290	16	71	190
291	16	70	181
292	16	70	179
293	17	71	180
294	16	76	173
295	15	83	174
296	14	86	178
297	14	86	181
298	14	86	177
299	22	89	157
300	29	90	155
301	35	92	141
302	36	91	135
303	37	91	158
304	35	91	124
305	35	91	123
306	37	90	143
307	40	91	149
308	45	89	148
309	50	86	167
310	54	84	156
311	60	82	164
312	66	76	163
313	68	73	167
314	68	73	154
315	67	72	140
316	67	72	143
317	68	72	144
318	66	75	126
319	68	77	149
320	72	80	173
321	79	86	164
322	84	87	158
323	84	87	157
324	84	87	152
325	84	86	152
326	85	85	156
327	84	86	146
328	84	86	147
329	84	85	151
330	84	84	158
331	84	84	156
332	85	84	153
333	81	85	133
334	83	87	157
335	83	89	155
336	80	89	143
337	78	90	157
338	68	89	170
339	64	87	164
340	64	86	131
341	64	83	148
342	64	79	136
343	66	74	173
344	68	71	166
345	68	72	146
346	69	71	164
347	68	72	156
348	68	73	155
349	67	74	143
350	65	73	154
351	65	72	146
352	67	67	91
352	66	56	33	f
353	66	53	80
354	66	51	103
355	66	38	118
356	64	31	121
357	64	29	142
358	63	27	136
359	53	18	139
360	49	17	153
361	45	18	146
362	38	19	103
363	34	19	40
364	34	19	NP
365	34	19	NP
366	34	19	NP
367	34	19	NP
368	18	34	40
369	18	35	70
370	16	34	69
371	15	34	82
372	15	36	121
373	15	38	140
374	18	48	151
375	20	58	148
376	21	70	169
377	22	81	162
378	25	86	150
379	31	89	133
380	33	90	128
381	34	89	136
382	35	89	143
383	38	89	127
384	39	90	138
385	41	90	128
386	43	91	151
387	45	91	144
388	46	90	159
389	49	90	156
390	53	90	173
391	58	90	164
392	58	90	165
393	59	89	183
394	66	77	173
395	69	72	161
396	69	71	152
397	68	72	157
398	72	77	164
399	75	81	174
400	82	85	161
401	84	84	147
402	84	84	148
403	85	85	155
404	85	85	149
405	84	85	148
406	84	84	150
407	84	84	145
408	86	88	158
409	85	89	160
410	80	90	167
411	75	91	169
412	68	90	152
413	66	91	150
414	54	92	167
415	52	93	162
416	52	93	162
417	52	93	164
418	52	93	170
419	51	93	163
420	51	93	166
421	52	93	163
422	52	92	155
423	52	93	158
424	51	93	172
425	51	93	172
426	52	93	154
427	51	93	172
428	52	93	175
429	53	93	162
430	49	89	169
431	48	88	153
432	48	88	154
433	49	89	141
434	50	87	153
435	50	85	150
436	51	84	150
437	53	85	158
438	53	85	168
439	53	84	155
440	53	83	150
441	54	83	158
442	53	83	150
443	53	83	149
444	53	84	154
445	50	85	162
446	52	85	163
447	59	83	154
448	65	79	168
449	68	76	166
450	68	77	143
451	69	78	142
452	70	80	148
453	73	80	167
454	72	80	169
455	71	80	146
456	72	78	130
457	72	79	131
458	72	79	139
459	73	78	135
460	71	79	146
461	66	78	130
462	66	75	161
463	67	71	160
464	67	66	75
464	66	55	57	f
465	67	48	168
466	66	37	126
467	65	28	145
468	62	23	152
469	58	20	146
470	58	20	138
471	51	20	146
472	45	21	148
473	44	21	151
474	43	21	138
475	42	21	135
476	36	21	68
477	34	22	41
478	34	22	NP
479	34	22	NP
480	34	22	NP
481	34	22	NP
482	34	22	NP
483	34	22	NP
484	34	22	NP
485	34	22	NP
486	34	22	NP
487	34	22	NP
488	34	22	NP
489	18	25	39
490	17	26	41
491	16	26	34
492	18	24	37
493	19	24	36
494	20	22	32
495	20	22	39
496	17	25	62
497	15	24	83
498	15	24	85
499	17	24	75
500	17	24	79
501	19	23	50
502	20	21	68
503	21	20	68
504	22	19	70
505	22	18	61
506	36	21	43
507	39	20	99
508	42	18	144
509	44	18	129
510	43	18	110
511	44	19	104
512	44	19	88
513	44	17	85
514	47	16	92
515	46	17	102
516	46	20	109
517	45	21	108
518	43	19	132
519	42	17	142
520	43	17	136
521	43	19	134
522	42	20	137
523	37	21	90
524	34	21	32
525	34	21	NP
526	21	39	133
527	19	48	161
528	16	55	155
529	17	55	145
530	19	59	170
531	22	72	164
532	24	81	167
533	31	88	130
534	33	88	122
535	36	88	136
536	37	89	126
537	37	90	142
538	38	90	157
539	38	90	139
540	37	89	144
541	40	87	143
542	42	87	147
543	49	86	164
544	59	84	163
545	68	85	157
546	68	85	159
547	72	87	156
548	76	88	161
549	82	88	171
550	86	90	157
551	85	90	160
552	85	90	157
553	85	90	155
554	84	89	145
555	84	89	152
556	80	92	166
557	76	93	180
558	74	92	165
559	71	91	150
560	67	91	143
561	61	92	151
562	60	91	134
563	59	92	146
564	59	92	146
565	58	92	157
566	59	91	134
567	59	92	140
568	56	91	161
569	52	89	167
570	50	88	159
571	50	88	159
572	50	88	160
573	50	88	162
574	51	89	151
575	50	89	151
576	50	89	156
577	49	90	150
578	50	90	157
579	50	89	145
580	50	88	138
581	49	87	134
582	48	87	118
583	48	87	131
584	48	86	139
585	50	85	152
586	52	83	154
587	53	83	145
588	54	83	149
589	55	83	151
590	55	83	150
591	55	83	141
592	55	83	141
593	56	82	145
594	61	81	157
595	62	80	150
596	65	75	166
597	69	67	112
597	72	56	37	f
598	70	66	88
598	73	55	67	f
599	69	66	100
599	73	57	33	f
600	69	66	101
601	69	66	100
602	69	66	98
602	69	56	51	f
603	67	53	96
603	69	64	60	f
604	66	46	110
605	66	32	151
606	66	24	143
607	63	18	149
608	60	18	164
609	62	18	149
610	62	19	155
611	61	17	163
612	60	17	160
613	62	18	138
614	64	18	118
615	68	17	144
616	74	16	159
617	80	15	141
618	79	15	146
619	81	15	146
620	85	18	163
621	91	19	158
622	92	19	160
623	91	18	148
624	92	17	170
625	95	15	190
626	105	16	181
627	106	16	178
628	106	14	196
629	108	14	189
630	110	15	187
631	110	15	187
632	110	14	192
633	111	14	195
634	111	13	201
635	111	14	193
636	111	14	182
637	106	15	174
638	108	20	170
639	114	27	155
640	116	36	153
641	119	61	177
642	114	75	179
643	108	83	171
644	104	87	148
645	102	87	133
646	100	87	124
647	98	86	125
648	96	86	165
649	86	84	157
650	79	83	163
651	69	82	147
652	68	82	164
653	69	82	165
654	68	82	169
655	68	82	169
656	68	83	166
657	64	84	167
658	57	84	158
659	52	84	155
660	53	85	125
661	54	86	128
662	56	87	140
663	60	84	155
664	64	77	157
665	69	72	152
666	70	70	154
667	69	72	126
668	69	75	148
669	71	77	153
670	72	79	148
671	71	79	149
672	72	78	150
673	72	78	148
674	72	78	149
675	72	78	149
676	72	78	146
677	72	78	143
678	72	78	144
679	72	78	156
680	73	78	145
681	71	78	147
682	71	77	129
683	71	77	135
684	71	77	130
685	71	77	135
686	71	77	141
687	73	79	170
688	74	83	170
689	77	85	162
690	80	89	154
691	83	90	160
692	83	90	151
693	83	90	150
694	84	91	161
695	81	89	142
696	79	89	144
697	78	89	164
698	75	91	150
699	64	90	151
700	57	89	147
701	51	89	153
702	48	87	129
703	50	86	147
704	53	83	154
705	54	83	142
706	55	83	150
707	56	83	141
708	56	83	142
709	56	83	143
710	56	83	143
711	57	83	149
712	57	83	147
713	57	83	148
714	57	83	147
715	56	83	145
716	57	83	149
717	57	83	150
718	56	83	141
719	56	83	144
720	56	83	143
721	57	83	144
722	56	83	151
723	56	83	152
724	57	83	151
725	56	83	148
726	56	83	151
727	56	83	143
728	56	83	146
729	56	83	145
730	56	83	148
731	56	83	149
732	56	83	151
733	56	83	147
734	56	83	149
735	56	83	148
736	56	83	152
737	56	83	147
738	56	83	147
739	57	83	153
740	56	83	151
741	57	83	156
742	56	83	151
743	56	83	153
744	56	83	151
745	56	83	145
746	56	84	146
747	56	83	150
748	57	84	152
749	56	83	150
750	57	83	153
751	57	83	153
752	57	83	153
753	56	84	147
754	56	83	141
755	56	83	147
756	56	83	147
757	56	83	148
758	56	83	148
759	56	83	147
760	56	83	147
761	56	83	148
762	56	83	148
763	57	83	149
764	56	83	147
765	56	83	147
766	56	83	147
767	56	83	151
768	57	83	153
769	57	83	155
770	57	83	156
771	57	83	156
772	57	83	156
773	57	83	156
774	57	83	157
775	57	83	159
776	57	83	155
777	57	83	157
778	57	83	158
779	56	83	155
780	56	83	155
781	56	83	154
782	56	83	155
783	56	83	154
784	56	83	155
785	56	83	154
786	56	83	155
787	57	83	155
788	57	83	152
789	57	83	156
790	57	83	163
791	56	83	160
792	56	83	159
793	56	83	153
794	59	82	170
795	67	74	168
796	69	71	149
797	69	70	147
798	70	68	135
799	71	67	130
800	71	66	106
801	71	66	105
802	71	66	107
803	71	66	107
804	71	67	104
805	71	66	101
806	71	66	106
807	71	66	109
808	71	66	102
809	71	66	108
810	71	67	110
811	71	66	107
812	71	67	108
812	66	56	33	f
813	71	67	109
813	67	56	30	f
814	71	67	106
814	66	57	32	f
815	70	66	110
815	67	57	33	f
816	70	67	112
816	67	57	33	f
817	71	67	109
817	67	57	32	f
818	71	67	110
819	70	66	110
819	68	56	39	f
820	71	66	113
821	71	67	113
821	68	57	36	f
822	71	67	112
822	68	57	36	f
823	71	67	114
823	68	57	32	f
824	71	67	112
824	69	57	32	f
825	71	67	115
825	69	57	36	f
826	71	67	112
827	70	67	109
827	69	57	37	f
828	70	67	112
828	69	57	35	f
829	70	67	112
829	69	57	35	f
830	70	67	108
830	69	57	32	f
831	70	67	110
832	70	67	113
833	70	67	113
834	71	67	120
835	70	67	115
836	71	67	121
837	71	67	118
838	71	67	124
839	71	67	119
840	71	67	119
841	71	67	123
842	71	67	122
843	71	67	121
844	71	67	122
845	71	67	120
846	71	67	121
847	71	67	119
848	71	67	117
849	71	67	117
850	71	67	117
851	71	67	113
852	71	67	118
853	71	67	113
854	71	67	115
855	71	67	116
856	70	67	112
857	71	67	121
858	71	67	120
859	71	67	114
860	71	67	119
861	71	67	112
862	71	67	113
863	71	67	113
864	70	67	111
865	71	67	113
866	71	67	113
867	71	67	115
868	71	67	116
869	71	67	114
870	71	67	114
871	71	67	115
872	71	67	113
873	71	67	116
874	71	67	110
875	71	67	116
876	71	67	115
877	71	67	115
878	71	67	116
879	71	67	116
880	71	67	115
881	71	67	116
882	71	67	116
883	71	67	116
884	71	67	115
885	71	67	117
886	70	67	118
887	71	67	128
888	71	67	138
889	71	67	124
890	71	67	123
891	71	67	119
892	71	67	119
893	71	67	126
894	71	67	124
895	70	67	113
896	68	65	98
897	68	65	114
898	69	65	118
899	68	65	97
900	68	65	78
900	71	57	35	f
901	67	65	86
901	72	57	31	f
902	68	65	93
903	70	54	85
903	68	64	59	f
904	69	51	139
905	70	44	153
906	70	41	153
907	71	35	148
908	70	35	131
909	70	35	135
910	66	30	161
911	64	27	156
912	58	21	122
913	56	21	131
914	57	21	114
915	57	21	116
916	56	21	125
917	54	20	152
918	51	19	155
919	50	18	161
920	50	18	152
921	50	17	151
922	50	18	152
923	50	18	154
924	50	18	149
925	50	18	167
926	48	19	157
927	48	19	156
928	49	19	158
929	49	18	158
930	49	18	160
931	49	18	148
932	49	18	151
933	49	18	177
934	48	18	172
935	48	18	176
936	48	18	176
937	47	18	187
938	47	18	182
939	48	18	180
940	48	18	177
941	48	18	175
942	51	19	163
943	51	20	167
944	52	19	145
945	51	19	152
946	51	19	154
947	44	20	132
948	41	21	124
949	39	21	122
950	39	20	110
951	37	21	78
952	37	21	NP
953	35	21	45
954	36	20	68
955	36	20	101
956	36	18	115
957	37	18	134
958	42	21	125
959	43	22	117
960	43	21	122
961	47	18	112
962	47	18	113
963	47	18	111
964	48	18	114
965	47	19	115
966	47	18	114
967	45	17	130
968	45	17	120
969	38	20	107
970	36	22	74
971	36	22	NP
972	19	37	92
973	21	46	158
974	22	63	169
975	24	78	172
976	31	87	133
977	31	88	100
978	33	89	134
979	33	88	124
980	36	89	135
981	39	87	139
982	41	86	148
983	41	87	130
984	41	87	120
985	41	87	125
986	41	87	123
987	41	87	128
988	41	87	120
989	41	87	125
990	41	87	129
991	42	86	125
992	44	86	112
993	43	85	132
994	42	85	133
995	43	86	132
996	43	86	131
997	43	86	135
998	43	87	146
999	46	88	151
1000	48	87	146
1001	54	84	160
1002	63	81	164
1003	67	77	151
1004	68	77	144
1005	68	77	157
1006	68	77	148
1007	68	76	157
1008	69	74	149
1009	68	71	147
1010	68	71	145
1011	68	72	133
1012	68	72	157
1013	69	73	159
1014	69	73	158
1015	67	72	168
1016	68	68	126
1017	68	66	101
1017	70	57	30	f
1018	69	65	78
1018	69	55	57	f
1019	68	53	105
1019	69	63	31	f
1020	68	48	123
1021	68	44	133
1022	69	37	146
1023	70	34	141
1024	70	35	144
1025	69	35	152
1026	70	34	159
1027	70	34	157
1028	70	34	159
1029	73	25	155
1030	74	25	149
1031	73	26	142
1032	74	24	164
1033	75	22	156
1034	74	23	158
1035	74	23	154
1036	74	24	151
1037	72	24	155
1038	67	22	166
1039	61	17	170
1040	62	18	166
1041	63	20	169
1042	60	19	150
1043	60	19	143
1044	59	19	150
1045	60	19	150
1046	59	19	145
1047	60	19	146
1048	60	19	146
1049	60	20	138
1050	60	20	147
1051	60	20	145
1052	60	20	145
1053	61	20	133
1054	60	20	141
1055	60	20	145
1056	60	20	143
1057	60	19	152
1058	59	19	161
1059	59	18	146
1060	59	18	145
1061	59	18	147
1062	59	19	135
1063	59	18	139
1064	59	19	143
1065	59	19	142
1066	59	19	144
1067	59	19	139
1068	59	19	141
1069	56	17	164
1070	54	17	166
1071	55	17	139
1072	55	17	152
1073	54	17	166
1074	52	17	163
1075	52	17	154
1076	55	17	156
1077	56	17	152
1078	57	18	149
1079	59	18	151
1080	60	19	140
1081	61	19	144
1082	61	19	147
1083	65	21	145
1084	67	31	160
1085	69	42	156
1086	70	47	147
1087	69	52	133
1088	69	53	120
1089	69	54	117
1090	69	53	118
1091	69	53	116
1092	69	53	117
1093	69	53	118
1094	70	52	125
1095	70	52	126
1096	70	53	123
1097	70	53	115
1098	70	53	119
1099	70	53	114
1100	70	52	126
1101	69	54	112
1102	69	55	91
1103	68	55	106
1104	66	52	96
1105	67	49	96
1106	66	50	94
1107	67	50	94
1108	66	50	89
1109	67	49	92
1110	67	50	86
1111	68	49	114
1112	69	47	129
1113	68	47	129
1114	68	47	124
1115	67	44	134
1116	67	41	123
1117	68	41	123
1118	68	41	129
1119	69	37	141
1120	69	37	132
1121	69	37	137
1122	69	36	125
1123	68	36	132
1124	69	36	140
1125	69	35	138
1126	69	35	140
1127	69	35	142
1128	69	35	141
1129	69	35	142
1130	69	35	138
1131	69	35	139
1132	68	35	127
1133	68	37	127
1134	69	37	124
1135	68	37	118
1136	68	37	123
1137	68	38	121
1138	68	38	116
1139	68	37	119
1140	68	38	117
1141	68	38	118
1142	68	37	119
1143	68	38	116
1144	68	38	118
1145	68	38	118
1146	68	38	117
1147	68	38	116
1148	68	38	117
1149	68	38	117
1150	68	38	122
1151	68	38	115
1152	68	38	109
1153	68	38	110
1154	68	38	113
1155	68	38	115
1156	68	38	113
1157	68	38	117
1158	68	38	111
1159	68	38	116
1160	68	38	115
1161	68	38	118
1162	68	38	108
1163	68	38	120
1164	68	38	117
1165	68	38	124
1166	68	38	125
1167	68	38	122
1168	68	38	122
1169	68	39	108
1170	68	39	106
1171	68	39	106
1172	69	38	117
1173	68	39	108
1174	68	39	100
1175	68	39	104
1176	68	39	105
1177	68	38	108
1178	68	38	111
1179	68	38	109
1180	68	38	117
1181	68	38	117
1182	68	38	122
1183	68	38	114
1184	68	38	118
1185	68	38	126
1186	68	38	119
1187	68	38	118
1188	68	38	122
1189	68	38	125
1190	67	39	109
1191	68	39	108
1192	68	38	123
1193	67	37	148
1194	67	39	112
1195	67	37	128
1196	66	36	121
1197	66	35	133
1198	67	35	138
1199	68	34	157
1200	69	33	160
1201	69	33	165
1202	70	32	178
1203	69	34	155
1204	68	35	148
1205	69	34	160
1206	69	34	152
1207	68	35	150
1208	69	34	152
1209	71	30	166
1210	73	26	160
1211	73	27	157
1212	72	27	150
1213	69	27	143
1214	63	23	152
1215	59	22	136
1216	59	22	135
1217	59	22	135
1218	59	22	138
1219	58	22	133
1220	48	17	144
1221	44	20	137
1222	38	21	100
1223	36	22	71
1224	36	21	70
1225	36	21	NP
1226	36	21	NP
1227	17	26	33
1228	19	24	35
1229	19	23	32
1230	18	34	55
1231	19	40	143
1232	21	56	164
1233	21	70	155
1234	23	80	173
1235	19	88	171
1236	17	89	168
1237	17	89	165
1238	16	89	173
1239	16	89	171
1240	17	88	153
1241	17	87	160
1242	18	86	134
1243	20	86	132
1244	25	88	136
1245	30	88	102
1246	36	89	114
1247	41	88	134
1248	49	85	151
1249	60	81	163
1250	67	77	155
1251	69	74	156
1252	69	72	157
1253	69	71	151
1254	68	71	152
1255	67	69	139
1256	67	69	138
1257	68	71	131
1258	68	71	135
1259	67	71	135
1260	67	70	137
1261	67	69	145
1262	69	70	144
1263	70	69	147
1264	70	69	150
1265	70	69	155
1266	70	69	157
1267	70	69	147
1268	69	71	136
1269	68	71	141
1270	68	71	134
1271	66	73	148
1272	65	76	144
1273	63	82	163
1274	63	86	147
1275	63	87	130
1276	64	87	145
1277	67	87	159
1278	70	88	168
1279	73	86	144
1280	82	83	166
1281	84	82	166
1282	84	82	155
1283	84	83	154
1284	84	83	152
1285	84	82	151
1286	84	82	142
1287	85	83	131
1288	86	81	92
1289	87	82	103
1290	86	82	94
1291	85	82	96
1292	84	83	100
1293	84	84	112
1294	87	82	116
1295	87	82	114
1296	87	82	118
1297	83	84	166
1298	84	83	170
1299	85	83	172
1300	85	83	157
1301	85	84	157
1302	85	84	150
1303	85	84	153
1304	85	84	148
1305	85	84	152
1306	84	85	161
1307	84	85	157
1308	85	85	169
1309	85	85	160
1310	85	84	159
1311	84	84	164
1312	84	85	149
1313	83	85	133
1314	82	85	131
1315	78	83	163
1316	70	82	144
1317	67	84	155
1318	58	85	153
1319	51	86	143
1320	50	87	150
1321	49	89	152
1322	49	88	156
1323	49	88	157
1324	49	87	138
1325	49	88	142
1326	50	87	140
1327	50	87	143
1328	50	87	138
1329	51	87	150
1330	51	88	156
1331	50	86	144
1332	53	85	151
1333	56	87	138
1334	60	83	165
1335	65	77	166
1336	66	75	158
1337	67	75	158
1338	67	75	152
1339	67	75	147
1340	67	73	156
1341	67	71	155
1342	68	69	130
1343	69	67	114
1344	68	67	99
1345	68	65	90
1345	66	56	44	f
1346	66	53	79
1347	66	40	112
1348	66	38	96
1349	65	38	114
1350	65	38	121
1351	65	39	122
1352	66	38	133
1353	67	34	146
1354	69	33	144
1355	69	30	142
1356	69	30	144
1357	69	30	146
1358	69	29	143
1359	69	27	136
1360	70	25	134
1361	70	24	149
1362	71	24	148
1363	71	24	159
1364	74	22	141
1365	78	19	141
1366	77	20	145
1367	77	20	143
1368	79	19	159
1369	81	18	169
1370	80	18	171
1371	81	18	175
1372	81	18	172
1373	79	18	163
1374	79	19	158
1375	77	19	139
1376	77	19	141
1377	77	20	137
1378	78	19	152
1379	78	19	149
1380	78	19	152
1381	76	21	147
1382	75	22	119
1383	77	21	149
1384	85	20	150
1385	93	20	178
1386	107	23	167
1387	110	24	151
1388	113	25	142
1389	115	26	160
1390	116	26	139
1391	118	29	159
1392	121	38	162
1393	122	53	162
1394	121	64	161
1395	122	76	159
1396	122	83	162
1397	122	86	152
1398	122	86	160
1399	121	86	163
1400	118	88	157
1401	107	90	162
1402	100	89	139
1403	97	88	134
1404	98	88	120
1405	98	88	115
1406	98	88	116
1407	97	88	118
1408	97	88	133
1409	97	88	130
1410	97	88	128
1411	97	88	130
1412	97	88	128
1413	97	88	130
1414	97	88	133
1415	97	88	136
1416	97	88	132
1417	100	89	88
1417	91	87	37	f
1418	97	88	131
1419	97	88	127
1420	97	88	136
1421	97	88	133
1422	97	88	132
1423	97	88	130
1424	97	88	136
1425	97	88	132
1426	98	88	113
1427	98	88	121
1428	98	88	125
1429	98	88	119
1430	99	88	110
1431	100	88	119
1432	100	87	131
1433	100	87	121
1434	100	88	115
1435	100	89	134
1436	100	89	130
1437	101	88	102
1438	97	90	152
1439	97	90	154
1440	97	89	138
1441	97	89	123
1442	96	89	134
1443	94	90	147
1444	82	91	153
1445	71	90	158
1446	63	88	142
1447	62	87	145
1448	62	87	151
1449	63	87	144
1450	60	87	154
1451	52	87	156
1452	51	87	151
1453	49	86	157
1454	49	86	147
1455	49	86	149
1456	49	86	144
1457	49	85	152
1458	49	86	159
1459	49	85	161
1460	50	87	142
1461	50	87	132
1462	52	88	136
1463	51	88	150
1464	51	88	158
1465	51	86	135
1466	48	85	129
1467	50	84	154
1468	53	83	152
1469	54	83	150
1470	54	83	139
1471	54	83	147
1472	54	83	150
1473	54	83	150
1474	54	83	150
1475	54	83	147
1476	54	83	143
1477	54	83	143
1478	54	83	142
1479	54	83	142
1480	54	83	143
1481	54	83	142
1482	54	83	142
1483	54	83	143
1484	54	83	144
1485	54	83	145
1486	54	83	145
1487	54	83	145
1488	54	83	146
1489	54	83	145
1490	54	83	145
1491	54	83	146
1492	54	83	145
1493	54	83	144
1494	54	83	147
1495	54	83	153
1496	54	83	149
1497	54	83	145
1498	53	83	139
1499	54	84	146
1500	53	83	135
1501	53	84	138
1502	53	84	138
1503	53	84	144
1504	53	84	140
1505	54	84	143
1506	54	84	145
1507	54	84	142
1508	54	84	148
1509	54	84	149
1510	54	84	150
1511	54	84	146
1512	54	84	143
1513	54	84	147
1514	54	84	146
1515	54	84	151
1516	55	83	159
1517	54	83	155
1518	54	83	151
1519	55	83	154
1520	55	83	156
1521	55	83	161
1522	55	83	160
1523	55	83	167
1524	55	83	166
1525	55	83	166
1526	54	84	149
1527	54	83	153
1528	55	83	167
1529	55	83	164
1530	55	83	162
1531	55	83	165
1532	55	83	163
1533	56	82	176
1534	56	83	177
1535	56	83	177
1536	56	82	177
1537	56	82	180
1538	56	82	183
1539	56	83	185
1540	56	83	178
1541	56	83	180
1542	57	83	187
1543	56	83	171
1544	56	83	164
1545	55	83	157
1546	55	84	151
1547	55	84	142
1548	55	84	158
1549	58	83	167
1550	64	79	158
1551	67	76	160
1552	67	76	152
1553	66	75	141
1554	67	70	138
1555	68	66	99
1555	68	57	34	f
1556	68	64	67
1556	67	55	62	f
1557	66	51	111
1558	66	42	112
1559	65	34	113
1560	64	30	116
1561	64	29	135
1562	64	30	120
1563	64	30	122
1564	64	30	134
1565	64	30	131
1566	66	28	147
1567	67	28	137
1568	68	27	140
1569	68	27	143
1570	68	27	144
1571	68	27	142
1572	68	27	138
1573	68	27	136
1574	68	27	141
1575	68	27	142
1576	68	27	144
1577	68	27	144
1578	68	27	141
1579	68	28	139
1580	67	28	151
1581	67	27	155
1582	67	27	148
1583	67	28	154
1584	67	28	151
1585	67	28	160
1586	67	27	159
1587	67	28	156
1588	67	27	162
1589	67	28	162
1590	65	30	135
1591	62	27	159
1592	61	25	148
1593	61	25	150
1594	61	25	149
1595	61	25	150
1596	61	25	151
1597	61	25	139
1598	61	24	138
1599	57	18	127
1600	57	20	103
1601	59	19	136
1602	62	18	143
1603	67	19	146
1604	70	20	144
1605	70	20	131
1606	77	20	144
1607	83	20	157
1608	93	21	170
1609	101	21	169
1610	110	24	145
1611	113	24	142
1612	113	24	141
1613	112	23	131
1614	112	24	148
1615	115	26	158
1616	120	36	157
1617	122	49	164
1618	121	63	159
1619	120	74	163
1620	121	86	154
1621	122	87	145
1622	122	87	148
1623	122	86	134
1624	122	86	137
1625	121	86	145
1626	118	89	158
1627	109	90	158
1628	101	88	135
1629	98	88	125
1630	98	87	112
1631	100	88	98
1632	97	87	125
1633	98	87	116
1634	98	88	123
1635	97	87	115
1636	98	87	114
1637	97	87	116
1638	97	87	135
1639	97	88	127
1640	97	87	125
1641	99	88	119
1642	98	88	123
1643	97	87	132
1644	98	87	126
1645	97	87	127
1646	98	87	135
1647	98	87	126
1648	98	87	132
1649	97	87	128
1650	99	88	118
1651	100	88	130
1652	101	88	114
1653	100	89	126
1654	99	88	131
1655	100	88	127
1656	99	89	135
1657	99	88	121
1658	100	88	115
1659	100	89	109
1660	100	89	112
1661	100	89	112
1662	99	88	119
1663	99	88	115
1664	100	89	105
1665	99	88	116
1666	100	88	117
1667	101	88	107
1668	101	88	113
1669	100	89	123
1670	99	89	129
1671	100	89	128
1672	100	88	121
1673	100	89	120
1674	98	89	123
1675	100	89	92
1676	100	89	97
1677	101	89	92
1678	101	88	96
1679	98	89	117
1680	99	88	126
1681	98	88	132
1682	99	88	131
1683	99	88	126
1684	99	88	129
1685	98	88	129
1686	99	88	124
1687	99	88	126
1688	101	88	96
1689	100	88	106
1690	100	88	109
1691	100	89	131
1692	99	89	136
1693	99	89	139
1694	100	89	135
1695	100	88	112
1696	99	88	116
1697	99	88	124
1698	99	88	115
1699	99	87	126
1700	98	87	133
1701	98	87	130
1702	98	87	133
1703	98	87	132
1704	98	88	131
1705	98	88	132
1706	98	88	133
1707	98	88	132
1708	98	88	131
1709	98	88	133
1710	99	88	121
1711	99	88	119
1712	99	88	124
1713	99	88	120
1714	99	88	119
1715	100	88	103
1716	100	88	109
1717	100	88	107
1718	100	88	108
1719	100	88	104
1720	100	88	107
1721	99	88	118
1722	99	88	112
1723	99	88	108
1724	99	88	108
1725	99	88	116
1726	100	88	98
1727	100	88	104
1728	100	88	111
1729	99	89	132
1730	99	89	138
1731	99	89	137
1732	99	88	118
1733	99	88	118
1734	98	88	120
1735	98	88	126
1736	98	88	122
1737	98	88	123
1738	98	88	114
1739	98	88	122
1740	98	88	125
1741	98	88	128
1742	97	88	141
1743	97	88	142
1744	97	88	136
1745	97	88	137
1746	98	88	134
1747	98	88	126
1748	97	88	132
1749	97	88	135
1750	98	88	129
1751	97	88	135
1752	98	88	132
1753	97	88	137
1754	98	88	127
1755	97	88	134
1756	98	88	126
1757	99	88	120
1758	99	88	109
1759	100	88	117
1760	101	89	130
1761	100	88	120
1762	100	89	117
1763	100	89	119
1764	100	89	112
1765	101	89	106
1766	100	88	124
1767	102	86	120
1768	97	87	147
1769	97	87	125
1770	93	89	150
1771	85	90	147
1772	75	91	156
1773	60	90	164
1774	52	89	163
1775	50	88	152
1776	48	87	135
1777	49	85	151
1778	53	83	148
1779	55	82	162
1780	54	82	152
1781	53	83	138
1782	54	83	142
1783	54	82	148
1784	54	82	153
1785	54	83	155
1786	54	82	153
1787	54	83	150
1788	54	82	154
1789	54	82	154
1790	54	82	153
1791	54	82	154
1792	54	82	153
1793	54	82	154
1794	54	82	153
1795	54	82	154
1796	54	82	153
1797	54	82	154
1798	54	82	154
1799	54	82	154
1800	54	82	154
1801	54	82	154
1802	54	83	152
1803	54	82	154
1804	54	82	153
1805	54	83	153
1806	54	82	153
1807	54	82	153
1808	54	83	153
1809	54	83	153
1810	54	83	153
1811	54	83	152
1812	54	83	152
1813	54	83	152
1814	54	83	152
1815	54	83	152
1816	54	82	151
1817	54	83	152
1818	54	82	151
1819	54	82	150
1820	54	83	152
1821	54	82	136
1822	54	82	137
1823	54	82	140
1824	54	82	139
1825	54	82	139
1826	54	83	139
1827	54	83	138
1828	54	83	137
1829	54	83	140
1830	54	83	146
1831	54	83	144
1832	54	83	143
1833	54	83	143
1834	54	83	143
1835	54	83	142
1836	54	83	143
1837	54	83	146
1838	54	83	141
1839	54	83	136
1840	54	83	138
1841	54	83	138
1842	54	83	150
1843	54	83	155
1844	54	83	154
1845	54	83	155
1846	54	83	158
1847	54	83	156
1848	54	83	155
1849	54	83	155
1850	54	83	154
1851	54	83	153
1852	54	83	153
1853	54	83	152
1854	54	83	153
1855	54	83	152
1856	54	83	152
1857	54	83	152
1858	54	83	152
1859	54	83	152
1860	54	83	152
1861	54	83	152
1862	54	83	152
1863	54	83	152
1864	54	83	152
1865	54	83	152
1866	54	83	151
1867	54	82	153
1868	54	83	150
1869	54	83	149
1870	54	83	149
1871	54	83	149
1872	54	83	150
1873	54	83	150
1874	54	83	153
1875	54	83	154
1876	54	83	155
1877	54	83	155
1878	54	83	155
1879	54	83	154
1880	54	83	155
1881	54	83	155
1882	54	83	155
1883	54	83	155
1884	54	83	155
1885	54	83	155
1886	54	83	155
1887	54	83	155
1888	54	83	155
1889	54	83	155
1890	54	83	155
1891	54	83	155
1892	54	83	155
1893	54	83	155
1894	54	82	149
1895	54	82	149
1896	54	82	155
1897	54	83	156
1898	54	83	158
1899	54	83	157
1900	54	83	157
1901	54	83	157
1902	54	83	157
1903	54	83	157
1904	54	83	156
1905	54	83	156
1906	54	83	156
1907	54	83	156
1908	54	83	155
1909	54	83	155
1910	54	83	154
1911	54	82	153
1912	54	83	154
1913	54	83	154
1914	54	83	154
1915	54	82	153
1916	54	83	154
1917	54	83	155
1918	54	83	155
1919	54	83	156
1920	54	83	155
1921	54	83	157
1922	54	83	156
1923	54	83	157
1924	54	83	157
1925	54	83	157
1926	54	83	157
1927	54	83	157
1928	54	83	157
1929	54	83	157
1930	54	83	157
1931	54	83	157
1932	54	83	157
1933	54	83	157
1934	54	83	157
1935	54	83	157
1936	54	83	157
1937	54	83	153
1938	54	83	152
1939	53	83	143
1940	53	83	143
1941	53	83	144
1942	53	83	144
1943	53	83	146
1944	53	83	146
1945	53	83	146
1946	53	83	147
1947	54	83	146
1948	54	83	149
1949	54	83	148
1950	54	83	148
1951	54	83	148
1952	54	83	149
1953	54	83	148
1954	54	83	148
1955	54	83	158
1956	54	83	153
1957	54	83	152
1958	54	83	155
1959	55	84	162
1960	55	84	158
1961	58	82	173
1962	64	79	172
1963	66	77	168
1964	65	76	158
1965	68	71	157
1966	68	68	116
1967	68	65	84
1967	67	56	33	f
1968	67	64	57
1968	66	56	43	f
1969	66	55	70
1970	65	44	104
1971	65	38	129
1972	63	27	132
1973	59	22	160
1974	57	21	123
1975	50	20	161
1976	40	23	137
1977	38	22	87
1978	35	23	61
1979	34	23	49
1980	33	23	32
1980	16	26	31	f
1981	34	22	36
1982	34	22	NP
1983	34	22	NP
1984	21	36	65
1985	21	43	144
1986	21	58	158
1987	22	72	156
1988	22	81	135
1989	22	86	140
1990	20	88	137
1991	18	89	152
1992	17	90	159
1993	17	90	154
1994	18	90	153
1995	18	89	145
1996	18	89	140
1997	19	89	142
1998	19	89	142
1999	20	89	143
2000	21	89	129
2001	25	90	131
2002	33	90	121
2003	42	89	132
2004	50	86	140
2005	56	84	139
2006	58	82	167
2007	62	78	172
2008	65	72	156
2009	66	70	128
2010	65	70	135
2011	65	70	141
2012	65	70	124
2013	65	70	128
2014	65	70	132
2015	65	71	124
2016	66	71	105
2017	66	70	129
2018	67	68	111
2019	67	66	103
2020	68	66	89
2021	68	65	85
2022	68	65	87
2022	68	56	32	f
2023	68	65	73
2023	68	55	58	f
2024	69	54	78
2024	68	63	41	f
2025	70	53	116
2026	70	54	110
2027	70	54	104
2028	70	53	115
2029	70	53	112
2030	70	53	112
2031	70	53	121
2032	69	53	129
2033	69	52	137
2034	67	47	125
2035	66	37	122
2036	64	34	131
2037	63	26	136
2038	61	26	127
2039	63	27	130
2040	61	25	158
2041	61	25	155
2042	62	27	141
2043	62	27	141
2044	62	27	143
2045	63	27	141
2046	63	27	140
2047	63	26	134
2048	61	26	157
2049	61	24	145
2050	63	27	140
2051	66	26	141
2052	71	24	143
2053	74	21	126
2054	80	20	157
2055	90	20	137
2056	98	22	173
2057	107	24	170
2058	110	24	138
2059	114	26	145
2060	116	27	136
2061	118	29	147
2062	121	35	146
2063	121	40	169
2064	120	57	163
2065	115	73	165
2066	113	80	176
2067	106	86	169
2068	103	88	141
2069	102	88	131
2070	99	89	121
2071	100	89	99
2072	97	89	139
2073	97	89	134
2074	97	89	124
2075	96	89	135
2076	97	89	137
2077	97	89	134
2078	96	88	145
2079	93	87	150
2080	91	86	139
2081	92	86	113
2082	93	87	107
2083	94	87	98
2084	96	88	73
2085	96	89	88
2086	95	88	131
2087	93	88	132
2088	88	90	154
2089	76	92	156
2090	65	91	149
2091	57	91	149
2092	49	89	155
2093	47	87	150
2094	47	89	133
2095	49	88	150
2096	51	86	154
2097	53	83	141
2098	52	84	144
2099	52	84	142
2100	52	84	141
2101	52	84	142
2102	52	84	138
2103	52	84	139
2104	52	84	137
2105	52	84	137
2106	52	84	137
2107	52	84	138
2108	52	84	142
2109	52	84	138
2110	52	84	141
2111	52	84	141
2112	52	84	142
2113	53	84	135
2114	54	83	150
2115	55	83	149
2116	58	82	151
2117	59	82	147
2118	61	81	152
2119	66	77	164
2120	67	77	153
2121	67	77	152
2122	67	77	147
2123	66	77	144
2124	66	77	140
2125	66	77	141
2126	66	77	144
2127	67	78	143
2128	68	78	148
2129	68	79	142
2130	70	80	155
2131	72	81	154
2132	81	86	158
2133	85	87	148
2134	88	89	147
2135	88	89	138
2136	88	89	142
2137	88	89	142
2138	88	89	136
2139	88	89	137
2140	88	89	137
2141	88	89	138
2142	89	89	140
2143	87	91	147
2144	84	93	149
2145	83	92	140
2146	83	92	143
2147	83	92	142
2148	83	92	142
2149	83	92	146
2150	83	92	141
2151	83	92	143
2152	83	92	141
2153	83	92	145
2154	83	92	145
2155	83	92	145
2156	83	92	145
2157	83	92	147
2158	83	92	149
2159	83	92	147
2160	83	92	147
2161	83	92	146
2162	83	92	146
2163	83	92	147
2164	83	92	146
2165	83	92	147
2166	83	92	146
2167	83	92	146
2168	83	92	146
2169	83	92	146
2170	83	92	146
2171	83	92	146
2172	83	92	146
2173	83	92	145
2174	83	92	147
2175	83	92	147
2176	83	92	146
2177	83	92	145
2178	83	92	155
2179	83	92	146
2180	83	92	146
2181	83	92	150
2182	83	92	146
2183	83	92	149
2184	83	92	149
2185	83	92	149
2186	83	92	148
2187	83	92	148
2188	83	92	148
2189	83	92	148
2190	83	92	149
2191	83	92	149
2192	83	92	148
2193	83	92	147
2194	83	92	148
2195	83	92	150
2196	83	92	147
2197	83	92	148
2198	83	92	148
2199	83	92	149
2200	83	92	148
2201	83	92	148
2202	83	92	147
2203	83	92	145
2204	83	92	146
2205	83	92	145
2206	83	92	147
2207	83	92	145
2208	83	92	146
2209	83	92	145
2210	83	92	145
2211	83	92	146
2212	83	92	145
2213	83	92	146
2214	83	92	144
2215	83	92	146
2216	83	92	145
2217	83	92	145
2218	83	92	145
2219	83	92	146
2220	83	92	145
2221	83	92	145
2222	83	92	145
2223	83	92	145
2224	83	92	145
2225	83	92	146
2226	83	92	144
2227	83	92	145
2228	83	92	143
2229	83	92	144
2230	83	92	143
2231	83	92	146
2232	83	92	145
2233	83	92	146
2234	83	92	146
2235	83	92	146
2236	83	92	146
2237	83	92	144
2238	83	92	146
2239	83	92	145
2240	83	92	144
2241	83	92	144
2242	83	92	145
2243	83	92	143
2244	83	92	143
2245	83	92	143
2246	83	92	143
2247	83	92	140
2248	83	92	143
2249	83	92	144
2250	83	92	140
2251	83	92	143
2252	83	92	141
2253	83	92	140
2254	83	92	141
2255	83	92	141
2256	83	92	144
2257	83	92	144
2258	83	92	141
2259	83	92	144
2260	83	92	144
2261	83	92	144
2262	83	92	144
2263	83	92	144
2264	83	92	144
2265	83	92	144
2266	83	92	144
2267	83	92	144
2268	83	92	144
2269	83	92	144
2270	83	92	144
2271	83	92	145
2272	83	92	144
2273	83	92	144
2274	83	92	144
2275	83	92	144
2276	83	92	145
2277	83	92	145
2278	83	92	146
2279	83	92	147
2280	83	92	145
2281	83	92	146
2282	83	92	146
2283	83	92	146
2284	83	92	146
2285	83	92	149
2286	83	92	149
2287	83	92	149
2288	83	92	149
2289	83	92	149
2290	83	92	149
2291	83	92	149
2292	83	92	149
2293	83	92	149
2294	83	92	149
2295	83	92	150
2296	84	92	143
2297	83	92	150
2298	84	92	150
2299	84	92	143
2300	84	92	144
2301	84	92	143
2302	83	92	143
2303	84	92	138
2304	84	92	138
2305	84	92	138
2306	84	92	139
2307	84	92	140
2308	83	92	146
2309	84	92	141
2310	84	92	142
2311	84	92	141
2312	84	92	144
2313	84	92	145
2314	83	92	141
2315	84	92	144
2316	84	92	140
2317	84	92	145
2318	84	92	143
2319	84	92	141
2320	84	92	146
2321	84	92	144
2322	84	92	145
2323	84	92	145
2324	84	92	144
2325	84	92	147
2326	84	92	144
2327	83	92	147
2328	83	92	148
2329	83	92	145
2330	83	92	145
2331	84	92	143
2332	84	92	148
2333	84	92	145
2334	84	92	144
2335	83	93	147
2336	84	93	149
2337	84	93	142
2338	84	93	138
2339	83	92	152
2340	83	92	145
2341	84	91	150
2342	84	90	155
2343	83	90	152
2344	82	90	153
2345	83	92	148
2346	83	92	146
2347	82	92	153
2348	75	91	158
2349	66	90	165
2350	59	90	158
2351	53	87	175
2352	51	88	155
2353	47	89	151
2354	47	89	143
2355	48	89	146
2356	47	89	150
2357	47	89	152
2358	48	88	151
2359	48	88	153
2360	50	89	155
2361	54	91	154
2362	59	90	162
2363	63	87	158
2364	67	79	157
2365	68	78	151
2366	67	78	129
2367	66	75	140
2368	66	68	114
2369	65	67	104
2370	65	67	103
2371	65	67	103
2372	65	67	102
2373	65	67	103
2374	65	67	105
2375	65	67	107
2376	64	66	129
2377	65	67	105
2378	66	67	106
2379	65	67	100
2380	65	67	100
2381	65	67	107
2382	65	66	97
2383	65	66	103
2384	65	66	97
2385	65	66	101
2386	65	66	100
2387	65	66	101
2388	65	66	102
2389	65	66	98
2390	65	66	99
2391	64	64	123
2392	64	64	129
2393	65	65	118
2394	65	66	99
2395	65	66	100
2396	65	66	99
2397	65	66	104
2398	65	66	107
2399	65	66	107
2400	66	66	113
2401	67	65	130
2402	68	65	139
2403	67	66	120
2404	67	66	119
2405	67	66	109
2405	70	57	30	f
2406	68	65	77
2406	69	56	44	f
2407	67	51	134
2408	66	37	119
2409	66	28	136
2410	66	27	123
2411	62	25	155
2412	59	21	134
2413	57	20	120
2414	57	19	129
2415	58	20	118
2416	58	20	125
2417	58	20	117
2418	52	20	139
2419	41	22	115
2420	37	21	83
2421	35	22	59
2422	36	22	65
2423	36	22	79
2424	36	21	73
2425	36	21	75
2426	37	21	84
2427	37	21	78
2428	37	21	98
2429	36	22	83
2430	36	22	NP
2431	36	22	NP
2432	36	22	NP
2433	36	22	NP
2434	36	22	NP
2435	17	33	37
2436	20	37	101
2437	21	46	139
2438	21	51	133
2439	22	57	157
2440	23	80	155
2441	25	84	145
2442	28	85	122
2443	31	87	132
2444	37	90	115
2445	40	89	126
2446	42	90	127
2447	43	90	137
2448	46	89	150
2449	50	87	156
2450	57	84	160
2451	65	79	146
2452	67	78	138
2453	68	79	145
2454	68	79	145
2455	68	79	145
2456	68	79	146
2457	68	79	146
2458	68	79	147
2459	68	79	145
2460	68	79	146
2461	68	79	149
2462	68	79	145
2463	68	79	146
2464	68	79	146
2465	68	79	145
2466	68	79	144
2467	68	79	155
2468	69	79	153
2469	68	79	149
2470	68	79	146
2471	68	79	147
2472	68	79	140
2473	68	80	137
2474	68	80	148
2475	69	80	154
2476	68	80	145
2477	68	80	148
2478	68	80	150
2479	69	80	150
2480	69	80	146
2481	69	80	149
2482	70	80	168
2483	71	80	186
2484	71	81	182
2485	71	80	178
2486	72	80	175
2487	73	81	173
2488	73	82	175
2489	75	81	178
2490	83	83	168
2491	84	83	163
2492	84	84	154
2493	85	84	151
2494	85	84	145
2495	85	84	147
2496	85	85	151
2497	90	88	136
2498	88	88	150
2499	84	91	154
2500	81	91	157
2501	74	91	149
2502	65	89	149
2503	59	88	155
2504	53	88	156
2505	48	87	145
2506	49	86	141
2507	51	84	144
2508	52	85	142
2509	53	84	149
2510	55	83	144
2511	55	84	140
2512	55	84	144
2513	55	84	134
2514	55	84	140
2515	56	83	151
2516	55	84	146
2517	55	84	143
2518	55	84	141
2519	55	84	136
2520	55	84	135
2521	54	84	142
2522	54	84	141
2523	55	84	143
2524	55	84	143
2525	54	84	140
2526	53	84	143
2527	53	84	142
2528	53	84	142
2529	53	84	143
2530	53	84	143
2531	53	84	144
2532	53	84	140
2533	53	84	139
2534	53	84	148
2535	54	84	149
2536	54	84	143
2537	55	83	149
2538	56	83	155
2539	56	83	153
2540	56	83	150
2541	56	82	154
2542	56	82	162
2543	56	83	153
2544	56	83	153
2545	56	83	148
2546	56	83	155
2547	56	83	157
2548	56	83	159
2549	56	83	157
2550	56	83	146
2551	55	83	138
2552	55	83	138
2553	57	83	153
2554	61	80	165
2555	66	79	153
2556	68	77	130
2557	67	77	139
2558	67	75	144
2559	69	70	142
2560	70	68	124
2561	70	68	125
2562	70	68	121
2563	70	68	121
2564	70	68	122
2565	70	68	121
2566	69	68	121
2567	70	67	122
2568	69	68	121
2569	69	68	119
2570	69	68	128
2571	69	68	116
2572	69	68	122
2573	69	68	122
2574	69	68	122
2575	69	68	122
2576	69	68	122
2577	69	68	119
2578	70	68	117
2579	69	68	118
2580	69	68	118
2581	70	67	119
2582	70	68	120
2583	70	68	121
2584	70	67	116
2585	70	67	118
2586	70	67	117
2587	70	67	118
2588	70	67	118
2589	70	67	118
2590	70	67	118
2591	70	67	118
2592	70	67	121
2593	70	67	122
2594	70	67	120
2595	70	67	120
2596	70	68	119
2597	70	68	121
2598	70	67	136
2599	70	67	143
2600	70	68	142
2601	70	68	142
2602	70	68	130
2603	70	68	117
2604	69	68	116
2605	69	68	109
2606	69	68	116
2607	69	68	117
2608	69	68	114
2609	70	68	117
2610	70	68	120
2611	70	68	121
2612	70	68	119
2613	70	68	118
2614	70	68	118
2615	69	68	113
2616	70	68	118
2617	69	67	119
2618	69	68	120
2619	69	67	120
2620	68	66	113
2621	68	66	105
2622	68	66	112
2623	68	66	112
2624	68	66	125
2625	69	67	116
2626	70	67	131
2627	68	69	144
2628	66	71	161
2629	63	79	140
2630	63	84	138
2631	65	83	143
2632	66	83	151
2633	72	85	138
2634	77	84	161
2635	83	84	139
2636	84	85	145
2637	84	86	140
2638	88	88	149
2639	88	88	135
2640	88	89	151
2641	86	90	157
2642	83	91	150
2643	82	91	153
2644	79	92	155
2645	75	92	151
2646	72	92	138
2647	72	92	137
2648	72	92	136
2649	72	92	136
2650	72	92	135
2651	72	92	140
2652	72	92	133
2653	73	92	127
2654	73	92	136
2655	73	92	130
2656	73	92	143
2657	74	92	149
2658	74	93	152
2659	75	91	146
2660	77	88	156
2661	74	83	174
2662	73	79	173
2663	70	71	165
2664	67	51	133
2665	65	35	107
2666	63	26	152
2667	59	22	138
2668	59	21	134
2669	58	20	144
2670	55	18	149
2671	54	17	120
2672	54	17	125
2673	54	17	124
2674	53	18	142
2675	52	18	145
2676	48	18	131
2677	46	19	126
2678	45	19	127
2679	46	19	131
2680	46	18	130
2681	46	18	132
2682	46	18	134
2683	46	18	127
2684	46	18	127
2685	46	18	127
2686	45	18	125
2687	46	19	138
2688	45	19	144
2689	45	19	142
2690	45	19	134
2691	45	18	131
2692	46	18	129
2693	46	18	116
2694	45	18	130
2695	45	18	112
2696	42	18	96
2696	53	18	30	f
2697	43	18	96
2698	44	18	123
2699	44	18	133
2700	44	18	125
2701	43	18	143
2702	41	19	144
2703	37	17	156
2704	39	18	137
2705	37	20	86
2706	36	21	65
2707	36	21	64
2708	35	21	57
2708	22	19	35	f
2709	36	21	61
2709	21	20	45	f
2710	36	21	61
2710	22	20	42	f
2711	36	21	62
2711	22	19	45	f
2712	36	21	63
2713	35	21	55
2714	35	21	58
2715	35	21	57
2716	35	21	57
2716	20	21	30	f
2717	35	21	56
2717	20	22	33	f
2718	35	21	57
2719	17	25	43
2720	16	25	47
2721	17	25	30
2722	17	33	42
2723	20	35	62
2724	20	38	117
2725	21	46	135
2726	22	51	150
2727	20	57	137
2728	21	63	148
2729	22	78	158
2730	22	83	146
2731	22	84	130
2732	22	84	131
2733	24	86	156
2734	27	89	123
2735	32	90	130
2736	37	91	124
2737	38	91	116
2738	40	90	118
2739	43	88	137
2740	49	86	137
2741	52	85	149
2742	52	85	150
2743	53	84	161
2744	64	79	145
2745	66	79	135
2746	66	79	130
2747	66	79	132
2748	66	77	141
2749	68	72	158
2750	69	72	159
2751	69	72	158
2752	69	71	154
2753	68	71	139
2754	69	70	138
2755	69	70	135
2756	69	70	136
2757	69	68	119
2758	69	68	119
2759	69	67	111
2760	69	67	105
2761	69	67	105
2762	69	67	103
2763	69	67	103
2764	69	67	103
2765	69	67	105
2766	69	67	105
2767	69	67	110
2768	69	67	105
2769	69	67	101
2770	69	67	106
2771	69	67	106
2772	69	67	103
2773	69	67	107
2774	69	67	112
2775	69	67	111
2776	69	67	112
2777	69	67	113
2778	69	67	114
2779	69	67	112
2780	69	67	108
2781	69	67	112
2782	69	67	113
2783	69	67	113
2784	69	67	106
2785	69	67	108
2786	69	67	106
2787	69	67	105
2788	69	67	111
2789	69	67	102
2790	69	67	106
2791	69	67	106
2792	69	67	102
2793	69	67	114
2794	69	67	108
2795	69	67	107
2796	69	67	107
2797	69	67	107
2798	69	67	104
2799	69	67	106
2800	69	67	106
2801	69	67	108
2802	69	67	107
2803	69	67	107
2804	69	67	105
2805	69	67	105
2806	69	67	105
2807	69	67	104
2808	69	67	104
2809	69	67	104
2810	69	67	104
2811	69	67	106
2812	69	67	115
2813	69	67	111
2814	69	67	113
2815	69	67	115
2816	69	67	110
2817	69	66	99
2817	70	54	67	f
2818	69	66	91
2818	71	55	62	f
2819	69	66	94
2819	71	55	59	f
2820	69	66	93
2820	71	56	52	f
2821	69	66	91
2821	70	57	36	f
2822	69	66	92
2822	69	55	54	f
2823	69	66	92
2823	70	56	52	f
2824	69	66	92
2824	70	56	45	f
2825	69	66	92
2825	70	56	45	f
2826	69	66	92
2826	70	56	46	f
2827	69	66	97
2827	69	56	37	f
2828	69	66	93
2828	67	56	46	f
2829	68	64	67
2829	67	56	60	f
2830	67	54	78
2830	67	63	31	f
2831	66	53	89
2832	66	51	102
2833	66	50	86
2834	66	48	91
2835	68	49	105
2836	69	47	126
2837	69	47	116
2838	69	48	112
2839	69	47	113
2840	68	48	105
2841	68	47	110
2842	69	47	115
2843	69	47	118
2844	69	47	116
2845	69	47	120
2846	69	47	122
2847	69	47	120
2848	68	48	112
2849	68	47	125
2850	68	47	125
2851	68	47	126
2852	68	47	120
2853	67	47	96
2854	67	48	99
2855	67	48	95
2856	67	48	97
2857	67	48	93
2858	66	47	102
2859	66	47	89
2860	66	46	96
2861	66	44	104
2862	65	42	107
2863	65	36	121
2864	65	31	121
2865	64	25	124
2866	61	20	137
2867	61	20	140
2868	62	20	131
2869	62	20	125
2870	61	20	119
2871	61	21	145
2872	59	20	145
2873	59	20	144
2874	59	21	156
2875	59	22	150
2876	52	20	138
2877	51	20	138
2878	51	20	148
2879	51	20	148
2880	51	20	149
2881	51	20	147
2882	51	20	148
2883	51	20	147
2884	51	20	147
2885	51	20	143
2886	51	20	140
2887	51	20	131
2888	51	20	137
2889	51	20	137
2890	52	19	123
2891	53	19	123
2892	51	17	149
2893	50	16	144
2894	48	16	153
2895	48	15	137
2896	49	16	139
2897	49	16	144
2898	49	17	154
2899	47	18	152
2900	45	18	133
2901	41	17	159
2902	39	16	162
2903	37	16	175
2904	35	15	174
2905	36	15	159
2906	37	15	152
2907	38	17	154
2908	35	18	82
2909	34	18	62
2910	34	19	56
2911	34	18	76
2912	34	18	70
2913	33	17	69
2914	33	18	104
2915	37	20	141
2916	41	22	126
2917	43	21	121
2918	46	20	123
2919	46	19	134
2920	47	19	132
2921	47	19	129
2922	46	19	121
2923	45	16	117
2924	45	16	93
2925	45	16	98
2926	45	16	95
2927	45	17	122
2928	44	17	129
2929	44	17	121
2930	44	18	123
2931	43	19	141
2932	38	19	111
2933	38	20	103
2934	38	20	104
2935	38	20	105
2936	38	20	105
2937	39	20	109
2938	37	20	129
2939	37	19	139
2940	37	19	136
2941	36	19	135
2942	37	19	129
2943	37	19	125
2944	37	19	122
2945	37	19	123
2946	37	19	123
2947	37	19	123
2948	37	19	123
2949	37	19	130
2950	37	19	137
2951	37	19	139
2952	38	19	136
2953	38	19	129
2954	35	19	147
2955	38	20	108
2956	37	20	86
2957	37	20	NP
2958	18	36	83
2959	19	42	153
2960	19	58	156
2961	19	69	148
2962	26	83	156
2963	31	89	107
2964	33	89	115
2965	34	91	103
2966	34	90	105
2967	41	89	134
2968	45	88	141
2969	47	86	156
2970	54	84	154
2971	54	84	156
2972	54	84	150
2973	61	81	168
2974	66	76	160
2975	68	74	143
2976	68	75	143
2977	69	72	145
2978	70	71	157
2979	69	72	153
2980	69	72	158
2981	68	72	162
2982	68	71	161
2983	68	71	152
2984	68	71	147
2985	69	71	155
2986	68	71	152
2987	68	71	154
2988	68	71	157
2989	68	71	152
2990	68	71	157
2991	69	71	151
2992	68	71	156
2993	68	71	156
2994	68	71	153
2995	68	71	156
2996	68	70	153
2997	69	70	150
2998	69	70	155
2999	69	70	155
3000	68	72	142
3001	68	72	115
3002	68	72	128
3003	68	72	123
3004	68	72	123
3005	69	71	146
3006	68	71	140
3007	68	71	143
3008	68	71	152
3009	68	72	133
3010	69	71	127
3011	68	71	135
3012	68	71	132
3013	68	71	139
3014	68	72	138
3015	68	71	138
3016	68	71	136
3017	68	72	142
3018	68	72	141
3019	68	72	141
3020	68	71	144
3021	68	71	144
3022	69	71	145
3023	68	71	145
3024	68	72	138
3025	68	72	140
3026	68	72	139
3027	69	72	133
3028	68	72	137
3029	68	72	136
3030	68	71	139
3031	68	71	137
3032	68	71	142
3033	68	71	141
3034	68	72	136
3035	68	72	136
3036	68	72	137
3037	68	72	137
3038	68	71	140
3039	68	71	142
3040	68	71	146
3041	68	71	142
3042	68	72	141
3043	68	72	141
3044	68	72	139
3045	68	71	141
3046	68	71	144
3047	68	71	147
3048	68	71	145
3049	68	71	144
3050	68	71	145
3051	68	71	147
3052	68	71	148
3053	68	71	146
3054	68	71	151
3055	68	71	151
3056	68	71	146
3057	68	71	151
3058	68	71	151
3059	68	71	151
3060	68	71	149
3061	68	71	149
3062	68	71	147
3063	68	71	151
3064	68	71	149
3065	68	71	161
3066	68	71	154
3067	68	71	147
3068	68	71	148
3069	68	71	142
3070	68	71	139
3071	68	71	147
3072	68	72	125
3073	68	72	133
3074	68	72	135
3075	68	72	131
3076	68	72	125
3077	68	72	130
3078	68	72	135
3079	68	72	128
3080	68	72	137
3081	68	72	134
3082	68	72	138
3083	68	72	140
3084	68	72	136
3085	69	72	138
3086	68	72	142
3087	68	72	141
3088	68	72	142
3089	68	72	142
3090	68	72	142
3091	68	72	142
3092	68	72	142
3093	68	72	142
3094	68	72	141
3095	68	72	137
3096	68	72	135
3097	68	72	137
3098	68	71	133
3099	69	71	133
3100	68	72	138
3101	68	72	136
3102	68	72	138
3103	68	72	138
3104	68	72	139
3105	68	72	139
3106	68	72	136
3107	68	72	139
3108	68	72	139
3109	68	72	139
3110	68	72	139
3111	68	71	147
3112	68	72	143
3113	68	72	141
3114	68	72	140
3115	68	72	139
3116	68	72	138
3117	68	72	136
3118	68	72	134
3119	68	72	140
3120	68	71	136
3121	68	71	131
3122	68	72	139
3123	69	71	124
3124	68	71	135
3125	68	71	135
3126	68	71	133
3127	68	72	137
3128	68	71	134
3129	68	71	139
3130	68	71	141
3131	68	71	142
3132	68	71	141
3133	68	71	141
3134	68	71	140
3135	68	71	141
3136	68	71	140
3137	68	71	140
3138	68	71	140
3139	68	71	141
3140	68	71	140
3141	68	71	139
3142	68	71	139
3143	68	71	139
3144	68	71	137
3145	68	71	135
3146	68	71	135
3147	68	71	135
3148	68	71	134
3149	68	71	134
3150	68	71	134
3151	68	71	136
3152	68	71	140
3153	68	71	140
3154	68	71	140
3155	68	71	141
3156	68	71	143
3157	69	71	143
3158	68	71	144
3159	68	71	144
3160	69	71	143
3161	68	71	142
3162	68	72	141
3163	68	72	139
3164	68	72	138
3165	68	72	140
3166	68	72	136
3167	68	72	137
3168	68	71	133
3169	68	71	134
3170	68	72	138
3171	68	71	135
3172	68	72	137
3173	68	72	138
3174	68	72	137
3175	68	72	137
3176	68	72	137
3177	68	72	139
3178	68	71	142
3179	68	71	141
3180	68	72	138
3181	68	71	138
3182	68	72	140
3183	68	71	141
3184	68	72	140
3185	68	72	139
3186	68	72	139
3187	68	71	142
3188	68	71	143
3189	68	72	139
3190	68	72	139
3191	68	71	136
3192	68	71	142
3193	68	71	144
3194	68	71	144
3195	68	71	148
3196	68	71	144
3197	68	71	146
3198	68	70	141
3199	68	67	112
3200	68	67	103
3201	68	67	104
3202	68	67	96
3203	68	67	94
3204	68	67	107
3205	68	67	110
3206	68	67	104
3207	68	67	108
3208	68	67	109
3209	68	67	109
3210	68	67	108
3211	68	67	111
3212	68	67	107
3213	68	67	102
3214	68	67	104
3215	68	67	103
3216	68	67	103
3217	68	67	103
3218	68	67	103
3219	68	67	103
3220	68	67	103
3221	68	67	103
3222	68	67	103
3223	68	67	103
3224	68	67	104
3225	68	67	108
3226	68	67	106
3227	68	67	106
3228	68	67	105
3229	68	67	105
3230	68	67	102
3231	68	66	102
3232	68	66	101
3233	68	67	102
3234	68	66	101
3235	68	66	102
3236	68	67	105
3237	68	67	105
3238	68	66	102
3239	68	67	106
3240	68	67	106
3241	68	67	106
3242	68	67	106
3243	68	67	106
3244	68	67	106
3245	68	67	106
3246	68	67	105
3247	68	66	102
3248	68	66	102
3249	68	66	102
3250	68	67	104
3251	68	66	101
3252	68	67	101
3253	68	67	106
3254	68	67	105
3255	68	67	99
3256	68	67	103
3257	68	67	106
3258	68	67	110
3259	68	67	106
3260	68	67	112
3261	68	67	112
3262	68	67	113
3263	68	67	112
3264	68	67	111
3265	68	67	112
3266	68	67	107
3267	68	67	107
3268	68	67	105
3269	68	67	109
3270	68	67	107
3271	68	67	111
3272	68	67	111
3273	68	67	111
3274	68	67	108
3275	68	67	113
3276	68	67	112
3277	68	67	112
3278	68	67	112
3279	68	67	113
3280	68	67	111
3281	68	67	111
3282	68	67	111
3283	68	67	110
3284	68	67	110
3285	68	67	111
3286	68	67	112
3287	68	67	115
3288	68	67	114
3289	68	67	114
3290	68	67	120
3291	68	67	112
3292	68	67	110
3293	67	65	123
3294	68	66	100
3295	68	66	94
3296	68	66	98
3297	68	66	96
3298	68	66	98
3299	68	66	97
3300	68	66	98
3301	68	66	97
3302	68	66	98
3303	68	66	99
3304	68	66	96
3305	68	66	96
3306	68	66	96
3307	68	66	86
3308	67	66	90
3308	67	56	37	f
3309	66	54	62
3309	67	64	48	f
3310	67	51	105
3311	67	47	126
3312	69	42	140
3313	71	33	135
3314	72	27	135
3315	69	23	146
3316	65	20	143
3317	65	20	143
3318	64	22	153
3319	63	21	148
3320	63	21	153
3321	63	21	161
3322	65	23	122
3323	64	31	139
3324	66	44	120
3325	66	50	117
3326	67	53	93
3327	68	53	106
3328	68	54	103
3329	68	54	97
3330	68	54	100
3331	68	54	107
3332	68	54	98
3333	68	54	97
3334	68	54	92
3335	68	54	96
3336	68	54	96
3337	68	54	97
3338	68	54	96
3339	68	54	99
3340	69	55	104
3341	69	53	117
3342	69	52	134
3343	69	47	131
3344	69	47	121
3345	69	47	120
3346	69	48	120
3347	69	48	107
3348	69	48	108
3349	69	50	108
3350	68	51	113
3351	67	52	98
3352	66	51	93
3353	67	52	95
3354	67	52	95
3355	67	52	95
3356	68	55	88
3357	68	55	93
3358	68	55	92
3359	68	55	92
3360	69	55	99
3361	69	55	104
3362	70	53	121
3363	70	53	116
3364	69	53	116
3365	69	53	125
3366	69	53	126
3367	68	52	117
3368	68	52	113
3369	69	52	106
3370	69	52	102
3371	69	52	104
3372	69	52	105
3373	69	52	104
3374	69	52	104
3375	69	52	105
3376	69	53	101
3377	68	54	97
3378	68	53	88
3379	68	52	91
3380	66	53	114
3381	66	53	120
3382	68	52	90
3383	68	52	92
3384	68	52	92
3385	66	53	118
3386	67	53	118
3387	66	54	117
3388	68	53	99
3389	68	52	98
3390	68	52	100
3391	67	50	119
3392	67	49	105
3392	61	46	34	f
3393	63	41	138
3394	63	42	144
3395	68	41	113
3395	60	45	40	f
3396	68	40	126
3396	60	45	33	f
3397	69	43	118
3398	68	43	108
3399	67	40	118
3400	66	37	109
3401	65	32	142
3402	70	25	149
3403	82	20	145
3404	92	20	162
3405	101	21	145
3406	105	22	162
3407	108	24	150
3408	113	25	130
3409	115	26	102
3410	118	27	144
3411	117	27	128
3412	118	29	142
3413	118	30	159
3414	120	37	159
3415	122	49	168
3416	118	63	164
3417	114	75	161
3418	114	79	152
3419	108	86	172
3420	103	90	142
3421	102	90	126
3422	102	90	102
3423	101	91	93
3424	95	90	126
3425	87	91	123
3426	82	91	148
3427	81	91	130
3428	81	92	131
3429	76	91	141
3430	73	90	140
3431	73	90	142
3432	74	91	152
3433	74	91	150
3434	75	88	147
3435	73	83	176
3436	71	79	157
3437	68	71	156
3438	67	70	137
3439	66	69	148
3440	66	69	143
3441	67	70	120
3442	68	69	130
3443	68	69	126
3444	68	70	130
3445	68	70	129
3446	67	70	129
3447	67	70	128
3448	67	70	139
3449	66	69	143
3450	66	69	142
3451	67	70	133
3452	67	72	133
3453	67	73	143
3454	68	72	141
3455	66	74	150
3456	62	81	164
3457	51	90	162
3458	51	89	138
3459	48	88	157
3460	46	87	155
3461	48	87	149
3462	48	87	148
3463	49	86	154
3464	50	83	155
3465	51	83	123
3466	52	83	134
3467	52	83	136
3468	53	83	136
3469	53	84	130
3470	52	83	142
3471	53	82	150
3472	52	83	140
3473	52	83	133
3474	52	83	136
3475	52	83	139
3476	52	83	135
3477	52	83	138
3478	52	83	142
3479	52	83	142
3480	52	83	137
3481	52	83	137
3482	52	83	137
3483	52	83	141
3484	52	82	149
3485	52	82	142
3486	51	83	139
3487	50	83	129
3488	51	83	138
3489	51	83	130
3490	51	83	128
3491	50	83	138
3492	49	83	150
3493	49	83	143
3494	49	83	142
3495	50	83	146
3496	49	83	140
3497	49	83	140
3498	49	83	139
3499	49	83	139
3500	49	83	137
3501	49	83	140
3502	49	83	137
3503	49	83	142
3504	49	83	141
3505	49	83	139
3506	49	83	144
3507	49	83	146
3508	49	83	139
3509	49	83	140
3510	49	83	144
3511	49	83	141
3512	49	83	145
3513	49	83	144
3514	49	83	141
3515	49	83	139
3516	49	83	134
3517	49	83	131
3518	49	83	131
3519	49	83	134
3520	49	83	136
3521	49	83	130
3522	49	83	134
3523	49	83	130
3524	49	83	133
3525	49	83	132
3526	49	83	129
3527	49	83	112
3528	49	83	128
3529	49	83	135
3530	50	83	138
3531	48	83	132
3532	50	83	140
3533	50	83	133
3534	52	83	149
3535	52	83	150
3536	52	83	152
3537	53	83	156
3538	53	83	151
3539	52	83	149
3540	52	83	151
3541	53	83	155
3542	53	83	149
3543	52	83	144
3544	50	83	147
3545	50	83	146
3546	49	83	141
3547	49	83	133
3548	49	83	137
3549	50	83	137
3550	49	83	129
3551	50	84	135
3552	49	83	140
3553	49	84	146
3554	51	85	160
3555	51	85	154
3556	52	85	161
3557	52	85	163
3558	51	85	158
3559	53	86	184
3560	53	86	180
3561	53	86	175
3562	53	85	168
3563	53	83	171
3564	54	84	157
3565	54	84	145
3566	54	84	148
3567	54	84	136
3568	54	84	136
3569	54	84	129
3570	54	84	141
3571	55	84	139
3572	56	84	153
3573	55	83	143
3574	58	83	156
3575	61	83	155
3576	67	84	154
3577	71	84	154
3578	74	86	145
3579	77	87	144
3580	77	87	154
3581	78	87	157
3582	79	87	169
3583	82	85	178
3584	84	86	145
3585	83	86	137
3586	83	86	145
3587	84	86	145
3588	83	87	146
3589	83	87	154
3590	83	87	157
3591	87	88	149
3592	87	87	137
3593	87	87	137
3594	87	88	137
3595	85	86	125
3596	84	86	122
3597	87	85	127
3598	88	84	113
3599	87	84	103
3600	87	83	86
3601	88	82	95
3602	89	82	83
3603	87	85	120
3604	86	86	149
3605	86	85	149
3606	86	86	155
3607	86	86	152
3608	85	86	137
3609	86	86	138
3610	86	86	144
3611	86	86	140
3612	86	86	134
3613	86	87	151
3614	86	87	154
3615	86	87	136
3616	86	87	143
3617	86	87	148
3618	87	88	153
3619	87	89	146
3620	84	86	149
3621	84	85	149
3622	89	88	143
3623	87	88	141
3624	86	89	151
3625	84	90	154
3626	81	90	150
3627	75	91	141
3628	74	91	143
3629	74	91	141
3630	73	91	144
3631	73	91	142
3632	73	91	139
3633	72	91	159
3634	72	91	155
3635	72	91	153
3636	72	91	149
3637	72	91	150
3638	72	91	152
3639	72	91	152
3640	72	91	156
3641	72	91	156
3642	72	91	155
3643	72	91	159
3644	72	91	161
3645	72	91	161
3646	72	91	153
3647	72	91	155
3648	73	91	146
3649	73	91	137
3650	73	91	143
3651	73	91	143
3652	73	91	136
3653	73	91	138
3654	73	91	135
3655	73	91	130
3656	73	91	131
3657	73	91	130
3658	73	91	136
3659	73	91	134
3660	73	91	137
3661	73	91	135
3662	73	91	143
3663	73	91	145
3664	73	91	147
3665	73	91	149
3666	73	90	145
3667	73	91	139
3668	73	91	142
3669	73	91	143
3670	73	91	136
3671	73	91	143
3672	73	91	139
3673	73	91	137
3674	73	91	132
3675	73	91	145
3676	73	91	136
3677	73	91	138
3678	73	91	138
3679	73	91	132
3680	73	91	148
3681	73	91	139
3682	73	91	137
3683	73	91	139
3684	73	91	139
3685	73	91	138
3686	73	91	141
3687	72	91	138
3688	73	91	139
3689	73	91	139
3690	73	91	155
3691	73	91	148
3692	74	91	136
3693	73	91	137
3694	73	91	127
3695	73	91	132
3696	73	91	136
3697	73	91	134
3698	73	91	134
3699	73	91	138
3700	73	91	137
3701	73	91	136
3702	73	91	136
3703	73	91	136
3704	73	91	138
3705	73	91	136
3706	73	91	135
3707	73	91	145
3708	72	91	147
3709	73	91	144
3710	73	91	143
3711	73	91	140
3712	73	91	140
3713	73	91	139
3714	73	91	143
3715	73	91	140
3716	73	91	139
3717	73	91	141
3718	74	91	126
3719	73	91	132
3720	73	91	135
3721	73	91	136
3722	73	91	136
3723	73	91	136
3724	73	91	133
3725	73	91	136
3726	73	91	139
3727	74	91	138
3728	73	91	148
3729	73	91	146
3730	73	91	147
3731	73	91	143
3732	73	91	140
3733	73	91	136
3734	73	91	144
3735	73	92	143
3736	73	91	139
3737	73	91	145
3738	73	91	145
3739	73	91	149
3740	73	91	148
3741	73	91	146
3742	73	91	147
3743	73	91	147
3744	73	91	148
3745	73	91	146
3746	73	91	148
3747	73	91	146
3748	73	91	148
3749	73	91	148
3750	73	91	149
3751	73	91	148
3752	73	91	148
3753	73	91	148
3754	73	91	148
3755	73	91	148
3756	73	91	146
3757	73	91	146
3758	73	91	146
3759	73	91	146
3760	73	91	146
3761	73	91	146
3762	73	91	146
3763	73	91	146
3764	73	91	146
3765	73	91	140
3766	73	91	139
3767	73	91	143
3768	73	91	147
3769	73	91	157
3770	73	91	155
3771	73	91	152
3772	73	91	151
3773	74	91	135
3774	75	91	145
3775	74	91	146
3776	74	91	142
3777	67	91	160
3778	58	91	162
3779	53	88	171
3780	49	86	149
3781	49	86	126
3782	49	86	130
3783	49	86	130
3784	49	86	144
3785	49	86	146
3786	49	86	147
3787	49	86	144
3788	49	85	145
3789	49	85	143
3790	49	85	143
3791	49	85	143
3792	49	86	134
3793	49	87	127
3794	50	87	132
3795	50	88	147
3796	49	89	153
3797	49	89	152
3798	49	89	153
3799	49	89	151
3800	50	87	135
3801	50	87	138
3802	50	87	138
3803	48	86	149
3804	50	85	154
3805	50	84	156
3806	50	84	155
3807	51	84	158
3808	51	84	160
3809	51	84	162
3810	52	84	159
3811	54	83	154
3812	55	82	157
3813	55	82	148
3814	55	83	150
3815	55	83	143
3816	56	83	136
3817	56	83	136
3818	56	83	135
3819	56	83	135
3820	55	83	136
3821	57	83	155
3822	59	82	155
3823	65	79	149
3824	67	76	152
3825	68	76	149
3826	69	75	162
3827	69	75	161
3828	69	75	167
3829	68	75	161
3830	69	73	147
3831	69	73	143
3832	68	68	121
3833	68	65	83
3834	67	65	64
3834	66	56	35	f
3835	66	51	84
3836	66	44	97
3837	66	38	121
3838	66	32	136
3839	66	31	112
3840	66	30	126
3841	65	24	130
3842	61	20	149
3843	58	19	124
3844	57	18	110
3845	58	19	120
3846	57	19	115
3847	57	19	107
3848	57	19	106
3849	53	19	134
3850	53	19	134
3851	49	20	156
3852	41	22	126
3853	38	22	104
3854	37	22	91
3855	36	22	73
3856	36	23	79
3857	36	23	78
3858	37	22	89
3859	37	23	86
3860	36	22	76
3860	20	21	31	f
3861	36	22	69
3861	21	20	34	f
3862	36	22	70
3863	36	22	NP
3864	36	22	NP
3865	36	22	NP
3866	36	22	NP
3867	18	32	31
3868	18	32	NP
3869	18	32	30
3870	18	32	NP
3871	20	37	92
3872	20	46	152
3873	20	67	157
3874	21	74	137
3875	26	81	152
3876	31	87	97
3877	32	87	70
3878	36	89	120
3879	38	90	120
3880	39	91	102
3881	43	88	113
3882	44	88	116
3883	45	87	139
3884	48	86	134
3885	50	86	135
3886	50	86	128
3887	51	86	131
3888	51	86	130
3889	51	86	130
3890	51	86	129
3891	50	86	133
3892	50	86	132
3893	50	86	137
3894	51	86	136
3895	51	85	128
3896	51	85	135
3897	50	86	135
3898	51	86	140
3899	50	86	139
3900	50	86	129
3901	51	86	138
3902	50	85	141
3903	51	85	136
3904	52	84	143
3905	53	84	142
3906	54	85	138
3907	54	85	142
3908	54	84	148
3909	54	85	146
3910	54	85	152
3911	54	84	147
3912	54	84	145
3913	54	85	149
3914	54	84	141
3915	55	84	157
3916	55	84	148
3917	55	84	154
3918	55	84	155
3919	55	84	154
3920	55	84	144
3921	55	85	141
3922	58	86	144
3923	61	85	146
3924	63	85	153
3925	68	82	151
3926	69	81	168
3927	69	81	162
3928	69	81	145
3929	69	79	167
3930	70	76	165
3931	70	76	166
3932	70	77	163
3933	70	76	165
3934	70	77	163
3935	70	75	164
3936	69	72	143
3937	69	69	136
3938	69	69	130
3939	69	69	134
3940	69	70	135
3941	68	70	134
3942	69	70	136
3943	69	69	141
3944	69	70	136
3945	68	68	129
3946	68	68	121
3947	68	68	121
3948	68	68	119
3949	68	68	120
3950	68	68	117
3951	68	68	115
3952	68	68	118
3953	69	68	118
3954	68	68	116
3955	69	68	118
3956	69	68	123
3957	69	68	119
3958	68	68	119
3959	69	67	113
3960	69	68	117
3961	69	68	117
3962	68	68	121
3963	69	68	116
3964	69	68	119
3965	69	67	115
3966	69	68	122
3967	69	68	126
3968	69	68	120
3969	69	68	119
3970	69	68	116
3971	69	68	115
3972	69	68	116
3973	68	68	110
3974	69	68	118
3975	69	68	119
3976	69	68	124
3977	68	68	121
3978	69	68	111
3979	69	68	113
3980	69	68	116
3981	69	68	118
3982	69	68	118
3983	69	68	116
3984	69	68	125
3985	69	68	117
3986	69	68	116
3987	69	68	116
3988	69	68	117
3989	69	68	117
3990	69	68	117
3991	69	68	120
3992	69	68	118
3993	69	68	118
3994	69	69	117
3995	69	68	115
3996	69	68	115
3997	69	68	114
3998	69	68	114
3999	69	68	116
4000	69	68	118
4001	69	68	118
4002	69	68	116
4003	69	68	115
4004	69	68	116
4005	69	68	116
4006	69	68	116
4007	69	68	119
4008	69	68	119
4009	69	68	117
4010	69	68	117
4011	69	68	122
4012	69	68	122
4013	69	68	122
4014	69	68	118
4015	69	68	126
4016	69	68	118
4017	69	68	124
4018	69	68	123
4019	69	68	124
4020	69	68	120
4021	69	68	123
4022	69	68	122
4023	69	68	125
4024	69	68	124
4025	68	68	124
4026	69	68	120
4027	68	68	119
4028	68	68	123
4029	68	68	123
4030	68	68	123
4031	68	68	123
4032	68	68	120
4033	68	68	120
4034	68	68	118
4035	68	68	119
4036	68	68	118
4037	68	68	118
4038	68	68	118
4039	68	68	117
4040	68	68	118
4041	68	68	117
4042	69	68	111
4043	69	68	113
4044	69	68	114
4045	69	68	113
4046	69	68	114
4047	69	68	117
4048	69	68	115
4049	68	68	119
4050	69	68	120
4051	69	68	115
4052	69	68	117
4053	69	68	116
4054	69	68	117
4055	69	68	117
4056	69	68	117
4057	69	68	118
4058	69	68	118
4059	69	68	117
4060	69	68	117
4061	69	68	117
4062	69	68	117
4063	69	68	118
4064	69	68	118
4065	69	68	120
4066	69	68	119
4067	69	68	122
4068	69	68	121
4069	69	68	116
4070	69	68	125
4071	68	67	123
4072	68	67	108
4073	68	66	97
4074	68	66	94
4075	68	66	93
4076	68	65	91
4077	68	65	91
4078	68	66	89
4079	68	66	90
4080	68	65	88
4081	68	65	86
4082	68	65	88
4083	68	65	89
4084	68	65	85
4085	68	65	88
4086	68	65	88
4087	68	65	87
4088	68	65	89
4089	68	65	89
4090	68	65	87
4091	68	65	86
4092	68	65	85
4093	68	65	86
4094	68	65	85
4095	68	65	87
4096	68	65	86
4097	68	65	85
4098	68	65	83
4099	68	65	84
4100	68	65	84
4101	68	65	86
4102	68	65	87
4103	68	65	86
4104	68	65	86
4105	68	65	85
4106	68	65	86
4107	68	65	86
4107	66	56	30	f
4108	68	65	86
4109	68	65	86
4109	66	56	30	f
4110	68	66	81
4111	68	66	86
4112	68	66	87
4113	68	65	85
4114	68	65	85
4115	68	65	85
4116	68	65	85
4117	68	66	86
4118	68	65	85
4119	68	66	86
4120	68	65	85
4121	68	66	82
4122	68	66	85
4123	68	66	90
4124	68	66	84
4125	68	66	85
4126	68	66	85
4127	68	66	84
4128	68	66	86
4129	68	66	81
4130	68	66	81
4131	67	66	84
4131	65	56	31	f
4132	68	65	84
4132	66	56	30	f
4133	68	66	82
4133	66	56	30	f
4134	68	66	81
4134	66	56	30	f
4135	68	66	81
4136	68	66	82
4136	66	56	30	f
4137	68	66	81
4137	66	56	30	f
4138	68	66	81
4139	68	66	81
4140	68	66	82
4140	65	56	31	f
4141	68	66	81
4141	65	56	31	f
4142	68	66	84
4143	68	66	86
4144	68	66	86
4145	68	66	86
4146	68	66	86
4147	68	66	86
4148	68	66	86
4149	68	66	82
4150	68	65	84
4151	68	66	85
4152	68	66	81
4153	68	66	85
4154	68	66	81
4154	65	56	31	f
4155	68	66	81
4155	65	56	31	f
4156	68	66	81
4156	65	56	31	f
4157	68	66	81
4158	68	66	82
4158	65	56	31	f
4159	68	66	81
4159	65	56	31	f
4160	68	66	81
4160	65	56	31	f
4161	68	66	82
4161	65	56	31	f
4162	68	66	81
4163	68	66	81
4163	65	56	31	f
4164	68	66	81
4164	65	56	31	f
4165	68	65	84
4165	65	56	31	f
4166	68	66	81
4166	65	56	31	f
4167	68	65	84
4167	65	56	31	f
4168	68	66	81
4168	65	56	31	f
4169	68	66	81
4169	65	56	31	f
4170	68	66	82
4170	65	56	31	f
4171	68	66	81
4171	65	56	31	f
4172	68	66	82
4172	65	56	31	f
4173	68	66	85
4173	65	56	31	f
4174	68	66	81
4174	65	56	31	f
4175	68	66	81
4175	65	56	31	f
4176	68	66	81
4176	65	56	31	f
4177	67	66	85
4177	65	56	31	f
4178	68	66	82
4178	65	56	31	f
4179	68	66	81
4179	65	56	31	f
4180	68	66	82
4180	65	56	31	f
4181	68	66	81
4181	65	56	31	f
4182	68	66	85
4182	65	56	31	f
4183	68	66	81
4183	65	56	31	f
4184	68	66	81
4184	65	56	31	f
4185	68	66	81
4185	65	56	31	f
4186	68	66	82
4186	65	56	31	f
4187	68	66	81
4187	65	56	31	f
4188	68	66	82
4188	65	56	31	f
4189	68	66	81
4190	68	66	81
4190	65	56	31	f
4191	68	66	81
4191	65	56	31	f
4192	68	66	81
4192	65	56	31	f
4193	68	66	81
4193	65	56	31	f
4194	68	66	82
4194	65	56	31	f
4195	68	66	81
4196	68	66	81
4196	65	56	31	f
4197	68	66	81
4197	65	56	31	f
4198	68	66	81
4198	65	56	31	f
4199	68	66	81
4199	65	56	31	f
4200	68	66	81
4200	65	56	31	f
4201	68	66	82
4201	65	56	31	f
4202	68	66	82
4202	65	56	31	f
4203	68	66	82
4203	65	56	31	f
4204	68	66	82
4204	65	56	31	f
4205	68	66	81
4205	65	56	31	f
4206	68	66	82
4206	65	56	31	f
4207	68	66	82
4207	65	56	31	f
4208	68	66	81
4208	65	56	31	f
4209	68	66	82
4209	65	56	31	f
4210	68	66	82
4210	65	56	31	f
4211	68	66	81
4211	65	56	31	f
4212	68	66	85
4212	65	56	31	f
4213	68	66	82
4213	65	56	31	f
4214	68	66	81
4214	65	56	31	f
4215	68	66	81
4215	65	56	31	f
4216	68	66	81
4216	65	56	31	f
4217	68	66	81
4217	65	56	31	f
4218	68	66	85
4218	65	56	31	f
4219	68	66	81
4219	65	56	31	f
4220	68	65	84
4220	65	56	31	f
4221	68	66	81
4221	65	56	31	f
4222	68	66	81
4222	65	56	31	f
4223	68	66	81
4223	65	56	31	f
4224	68	66	81
4225	68	66	81
4225	65	56	31	f
4226	68	66	82
4226	65	56	31	f
4227	68	66	81
4227	65	56	31	f
4228	68	66	81
4228	65	56	31	f
4229	68	66	80
4229	65	56	31	f
4230	68	66	82
4231	68	66	85
4232	67	65	92
4233	67	66	92
4234	67	66	91
4235	68	66	90
4236	67	66	91
4237	67	66	92
4238	67	66	91
4239	68	65	84
4240	68	66	86
4241	67	66	92
4242	68	66	102
4243	68	66	92
4244	68	66	94
4245	68	66	95
4246	68	65	91
4247	68	66	94
4248	68	66	99
4249	68	66	102
4250	68	65	91
4251	68	66	95
4252	68	66	96
4253	68	66	93
4254	68	66	93
4255	68	66	94
4256	68	66	99
4257	68	66	95
4258	68	65	95
4259	68	66	91
4260	68	66	93
4261	68	66	89
4262	68	66	95
4263	68	66	90
4264	67	64	112
4265	68	65	102
4266	68	66	94
4267	68	66	94
4268	68	66	95
4269	68	66	94
4270	68	66	93
4271	68	65	85
4272	68	65	84
4272	65	56	31	f
4273	68	55	67
4273	68	64	62	f
4274	68	53	98
4274	67	63	33	f
4275	68	51	135
4276	67	49	138
4277	67	45	136
4278	68	34	140
4279	67	34	143
4280	67	35	134
4281	67	34	129
4282	63	25	137
4283	63	20	133
4284	62	18	144
4285	62	18	143
4286	62	19	132
4287	61	17	148
4288	61	18	145
4289	61	18	135
4290	61	19	142
4291	59	17	137
4292	59	17	137
4293	56	17	105
4294	55	17	101
4295	55	17	106
4296	54	17	128
4297	53	17	123
4298	52	18	148
4299	51	19	150
4300	50	19	133
4301	49	19	136
4302	49	19	152
4303	49	18	144
4304	48	18	156
4305	46	17	174
4306	47	17	152
4307	47	19	159
4308	43	20	142
4309	37	22	84
4310	37	22	NP
4311	37	22	NP
4312	37	22	NP
4313	37	22	NP
4314	37	22	NP
4315	16	33	54
4316	18	37	96
4317	18	42	151
4318	20	47	155
4319	21	60	154
4320	21	77	151
4321	24	83	122
4322	29	87	132
4323	32	88	74
4324	36	89	119
4325	39	90	103
4326	39	91	109
4327	40	92	55
4328	38	91	74
4329	38	90	93
4330	39	90	112
4331	39	90	97
4332	39	90	102
4333	39	90	99
4334	45	90	146
4335	50	89	152
4336	56	87	153
4337	60	83	154
4338	67	77	157
4339	67	77	159
4340	67	77	152
4341	68	79	151
4342	69	79	132
4343	69	80	142
4344	69	81	135
4345	73	82	147
4346	78	85	151
4347	84	86	145
4348	85	87	136
4349	87	88	148
4350	87	89	143
4351	87	89	141
4352	87	89	136
4353	87	89	138
4354	87	88	141
4355	87	88	139
4356	86	86	124
4357	85	86	121
4358	85	86	122
4359	85	85	129
4360	85	85	124
4361	85	85	124
4362	85	86	129
4363	85	86	130
4364	85	86	128
4365	85	86	131
4366	85	86	129
4367	85	86	130
4368	84	86	135
4369	85	86	145
4370	85	86	147
4371	85	86	147
4372	85	87	152
4373	85	86	144
4374	86	86	144
4375	89	88	142
4376	88	89	143
4377	86	89	155
4378	83	91	152
4379	76	90	150
4380	72	90	135
4381	71	89	129
4382	69	89	138
4383	63	89	154
4384	56	91	147
4385	49	90	152
4386	47	87	145
4387	46	87	146
4388	48	86	138
4389	50	84	151
4390	52	83	145
4391	52	83	136
4392	53	83	140
4393	53	83	142
4394	53	83	138
4395	53	83	149
4396	53	83	139
4397	53	83	147
4398	53	83	146
4399	53	83	146
4400	53	83	146
4401	53	83	147
4402	53	83	145
4403	53	83	144
4404	53	83	144
4405	53	83	141
4406	53	83	141
4407	53	83	140
4408	53	83	140
4409	53	83	141
4410	53	83	141
4411	53	83	141
4412	53	83	137
4413	53	83	146
4414	53	83	143
4415	53	83	143
4416	53	83	144
4417	53	83	144
4418	53	83	145
4419	53	83	144
4420	53	83	143
4421	53	83	143
4422	53	83	143
4423	53	83	142
4424	53	83	142
4425	53	83	142
4426	53	83	142
4427	53	83	142
4428	53	83	142
4429	53	83	140
4430	53	83	142
4431	53	83	141
4432	53	83	142
4433	53	83	142
4434	53	83	141
4435	53	83	143
4436	53	83	143
4437	53	83	140
4438	53	83	137
4439	53	83	137
4440	53	83	137
4441	52	83	132
4442	52	82	130
4443	53	82	131
4444	53	83	133
4445	53	83	135
4446	53	82	142
4447	53	83	146
4448	53	83	142
4449	53	83	137
4450	53	83	142
4451	53	83	143
4452	53	83	147
4453	53	83	143
4454	53	83	143
4455	53	83	143
4456	54	83	149
4457	53	83	143
4458	53	83	141
4459	53	83	144
4460	53	83	138
4461	53	83	135
4462	53	83	140
4463	54	83	149
4464	53	83	143
4465	53	83	146
4466	53	83	144
4467	54	83	148
4468	54	83	148
4469	54	83	150
4470	54	82	156
4471	54	82	149
4472	53	83	147
4473	53	83	140
4474	53	83	142
4475	53	83	140
4476	53	83	143
4477	53	83	141
4478	53	83	147
4479	53	83	145
4480	53	83	147
4481	53	83	144
4482	53	83	145
4483	53	83	148
4484	53	83	150
4485	53	83	149
4486	53	83	151
4487	52	83	138
4488	52	83	135
4489	52	83	135
4490	53	83	136
4491	53	83	142
4492	53	83	133
4493	53	83	139
4494	53	83	147
4495	53	83	152
4496	53	83	152
4497	53	83	151
4498	53	83	153
4499	53	83	151
4500	53	83	150
4501	53	83	153
4502	53	83	149
4503	53	83	152
4504	52	83	136
4505	52	83	127
4506	52	83	144
4507	52	83	133
4508	52	83	135
4509	52	83	138
4510	53	83	138
4511	53	83	148
4512	53	83	148
4513	53	83	147
4514	53	83	150
4515	53	83	148
4516	52	83	133
4517	52	83	141
4518	53	83	138
4519	52	83	135
4520	52	83	130
4521	52	83	130
4522	52	83	133
4523	52	83	133
4524	52	83	137
4525	52	83	138
4526	52	83	136
4527	52	83	142
4528	52	83	142
4529	52	83	142
4530	52	83	144
4531	52	83	134
4532	52	83	139
4533	52	83	138
4534	52	83	136
4535	52	83	136
4536	52	83	143
4537	52	83	140
4538	52	83	139
4539	52	83	139
4540	53	83	146
4541	53	83	153
4542	53	84	162
4543	53	84	159
4544	53	83	158
4545	54	83	154
4546	53	83	156
4547	53	83	150
4548	53	83	151
4549	53	83	153
4550	53	83	144
4551	54	83	149
4552	53	83	151
4553	53	83	150
4554	53	83	149
4555	53	83	150
4556	53	83	153
4557	53	83	154
4558	53	83	152
4559	53	83	151
4560	53	83	157
4561	54	83	159
4562	53	83	148
4563	53	83	147
4564	53	83	148
4565	53	83	148
4566	53	83	151
4567	53	83	145
4568	53	83	142
4569	53	83	145
4570	53	83	145
4571	53	83	143
4572	53	83	141
4573	53	83	142
4574	53	83	142
4575	53	83	142
4576	53	83	143
4577	53	83	145
4578	53	83	144
4579	53	83	147
4580	53	83	147
4581	53	83	146
4582	53	83	150
4583	53	83	149
4584	53	83	151
4585	53	83	145
4586	53	83	146
4587	54	84	165
4588	54	84	165
4589	54	84	163
4590	54	84	168
4591	54	84	157
4592	54	84	165
4593	54	84	162
4594	54	84	169
4595	54	84	163
4596	54	84	170
4597	54	84	166
4598	54	84	172
4599	54	84	167
4600	54	84	169
4601	54	84	170
4602	54	84	170
4603	54	84	171
4604	54	84	170
4605	54	84	169
4606	54	84	174
4607	54	84	171
4608	54	84	171
4609	54	84	168
4610	54	84	158
4611	54	84	156
4612	53	84	154
4613	53	84	151
4614	54	84	162
4615	54	84	158
4616	54	84	152
4617	54	84	156
4618	54	84	162
4619	54	84	158
4620	53	83	151
4621	53	83	155
4622	54	83	162
4623	54	83	158
4624	54	83	158
4625	54	83	166
4626	54	83	163
4627	54	83	167
4628	54	83	163
4629	54	83	166
4630	54	83	167
4631	54	83	165
4632	52	83	143
4633	53	83	153
4634	52	83	139
4635	52	83	149
4636	52	84	151
4637	52	83	143
4638	52	84	149
4639	52	83	145
4640	52	84	141
4641	52	83	141
4642	52	84	137
4643	52	83	142
4644	52	83	138
4645	52	83	139
4646	52	83	139
4647	53	84	143
4648	52	83	141
4649	52	84	142
4650	52	83	140
4651	52	84	141
4652	52	83	140
4653	52	83	142
4654	52	84	141
4655	52	84	141
4656	52	83	142
4657	52	84	141
4658	52	84	141
4659	52	83	140
4660	52	83	144
4661	52	83	139
4662	53	83	144
4663	52	83	138
4664	53	83	145
4665	52	83	140
4666	53	83	146
4667	52	83	138
4668	52	83	142
4669	52	83	149
4670	52	83	142
4671	52	83	142
4672	52	83	147
4673	52	83	137
4674	52	83	133
4675	52	83	131
4676	52	83	141
4677	52	83	134
4678	52	83	129
4679	52	83	135
4680	52	83	137
4681	52	83	135
4682	52	83	139
4683	52	83	136
4684	52	83	139
4685	52	83	137
4686	52	83	146
4687	51	83	129
4688	52	83	147
4689	52	83	146
4690	52	83	145
4691	52	83	146
4692	52	83	146
4693	52	83	141
4694	52	83	139
4695	52	83	143
4696	52	83	142
4697	52	83	147
4698	52	83	133
4699	52	83	141
4700	52	83	143
4701	52	83	144
4702	52	83	147
4703	52	83	144
4704	52	83	141
4705	52	83	142
4706	52	83	145
4707	52	83	154
4708	52	83	150
4709	52	83	148
4710	52	83	147
4711	52	83	151
4712	52	83	148
4713	52	83	154
4714	52	83	148
4715	52	83	144
4716	52	83	147
4717	52	83	148
4718	52	83	146
4719	52	83	149
4720	52	83	149
4721	52	83	148
4722	52	83	147
4723	52	83	148
4724	52	83	147
4725	52	83	146
4726	52	83	141
4727	52	83	141
4728	52	83	145
4729	52	83	144
4730	52	83	146
4731	52	83	145
4732	52	83	146
4733	52	83	146
4734	52	83	146
4735	52	83	146
4736	52	83	146
4737	53	83	149
4738	52	83	151
4739	53	83	149
4740	52	83	150
4741	52	83	150
4742	52	83	150
4743	52	83	151
4744	52	83	150
4745	52	83	151
4746	52	83	152
4747	52	83	151
4748	52	83	151
4749	52	83	153
4750	52	83	151
4751	52	83	151
4752	52	83	150
4753	52	83	151
4754	52	83	150
4755	52	83	150
4756	52	83	148
4757	52	83	148
4758	52	83	145
4759	52	83	145
4760	52	83	142
4761	52	83	145
4762	52	83	140
4763	52	83	141
4764	52	83	145
4765	52	83	145
4766	52	83	145
4767	52	83	145
4768	52	83	145
4769	52	83	144
4770	52	83	149
4771	52	83	149
4772	52	83	148
4773	52	83	150
4774	52	83	150
4775	52	83	151
4776	52	83	150
4777	52	83	141
4778	52	83	147
4779	52	83	148
4780	52	83	148
4781	52	83	148
4782	52	83	149
4783	52	83	146
4784	52	83	146
4785	52	83	149
4786	52	83	149
4787	52	83	149
4788	52	83	148
4789	52	83	144
4790	52	83	143
4791	52	83	145
4792	52	83	147
4793	52	83	138
4794	52	83	138
4795	52	83	135
4796	52	83	143
4797	52	83	144
4798	52	83	142
4799	52	83	139
4800	52	83	139
4801	52	83	144
4802	52	83	147
4803	52	83	146
4804	52	83	145
4805	52	83	147
4806	52	83	145
4807	53	83	147
4808	53	83	147
4809	53	83	149
4810	53	83	156
4811	53	83	148
4812	53	83	154
4813	53	83	151
4814	53	83	158
4815	53	83	160
4816	53	83	153
4817	53	83	154
4818	53	83	150
4819	53	83	154
4820	52	83	143
4821	53	83	146
4822	53	83	147
4823	53	83	148
4824	53	83	139
4825	53	83	151
4826	52	83	141
4827	53	83	151
4828	53	83	151
4829	53	83	150
4830	53	83	149
4831	53	83	150
4832	53	83	152
4833	53	83	147
4834	53	83	149
4835	53	84	151
4836	53	83	149
4837	53	83	149
4838	53	83	150
4839	53	84	146
4840	53	83	145
4841	53	84	143
4842	53	84	142
4843	53	84	163
4844	53	84	167
4845	53	84	164
4846	53	85	164
4847	53	86	181
4848	53	86	176
4849	52	86	170
4850	52	85	150
4851	53	84	136
4852	54	83	163
4853	60	81	172
4854	65	78	165
4855	67	74	152
4856	67	72	145
4857	67	65	78
4857	66	56	30	f
4858	64	57	109
4859	66	48	109
4860	65	39	106
4861	65	33	133
4862	66	29	132
4863	63	26	131
4864	60	23	142
4865	58	22	133
4866	58	22	121
4867	58	21	131
4868	58	21	120
4869	52	20	123
4870	52	20	126
4871	54	20	107
4872	51	21	144
4873	51	21	152
4874	51	21	152
4875	51	20	138
4876	55	20	95
4877	55	20	99
4878	55	19	125
4879	53	17	128
4880	51	17	126
4881	51	17	116
4882	44	17	136
4883	40	19	128
4884	36	20	59
4885	36	21	67
4886	34	21	34
4887	34	21	NP
4888	34	21	NP
4889	34	21	NP
4890	34	21	NP
4891	34	21	NP
4892	34	21	NP
4893	34	21	NP
4894	16	26	31
4895	18	25	30
4896	20	23	36
4897	20	23	NP
4898	22	21	34
4899	23	18	42
4900	25	17	62
4901	36	21	79
4902	41	20	122
4903	45	19	125
4904	43	19	136
4905	44	19	120
4906	45	20	101
4907	48	18	90
4908	47	20	107
4909	43	22	135
4910	42	22	146
4911	39	22	125
4912	39	22	NP
4913	39	22	NP
4914	39	22	NP
4915	39	22	NP
4916	39	22	NP
4917	17	25	33
4918	17	31	30
4919	17	33	48
4920	17	32	43
4921	15	31	42
4922	13	26	43
4923	15	26	35
4924	15	26	52
4925	18	34	54
4926	21	43	151
4927	20	57	154
4928	21	67	147
4929	23	77	163
4930	26	85	147
4931	31	89	88
4932	34	90	105
4933	31	89	71
4934	31	89	77
4935	34	90	107
4936	34	90	102
4937	37	90	112
4938	40	89	113
4939	41	88	118
4940	45	87	141
4941	57	83	151
4942	64	79	156
4943	67	78	128
4944	68	78	141
4945	71	79	159
4946	73	80	160
4947	73	80	157
4948	73	81	162
4949	73	81	162
4950	73	81	164
4951	73	81	159
4952	75	80	179
4953	75	80	174
4954	74	81	177
4955	74	80	175
4956	74	81	186
4957	74	81	184
4958	72	80	134
4959	71	79	115
4960	71	79	99
4961	73	79	102
4962	73	80	116
4963	74	80	136
4964	74	80	135
4965	72	79	152
4966	69	79	158
4967	68	79	148
4968	68	80	135
4969	69	81	153
4970	70	85	162
4971	71	85	132
4972	75	89	161
4973	79	90	145
4974	84	91	132
4975	85	90	129
4976	86	87	134
4977	88	87	145
4978	88	88	132
4979	88	88	137
4980	87	87	139
4981	87	87	135
4982	86	87	137
4983	86	87	136
4984	86	87	136
4985	83	85	140
4986	77	83	162
4987	73	78	163
4988	71	76	148
4989	68	70	145
4990	65	64	66
4990	65	55	38	f
4991	65	52	59
4992	65	45	90
4993	66	37	119
4994	69	28	147
4995	73	25	145
4996	77	21	143
4997	81	19	120
4998	81	19	129
4999	80	17	124
5000	82	16	134
5001	84	16	138
5002	87	16	162
5003	86	16	158
5004	86	16	159
5005	87	15	161
5006	91	14	170
5007	95	14	182
5008	94	14	179
5009	91	17	172
5010	94	20	173
5011	101	21	173
5012	104	22	172
5013	108	23	177
5014	115	25	131
5015	116	26	137
5016	116	26	131
5017	117	27	147
5018	118	29	150
5019	118	31	149
5020	118	31	149
5021	118	30	142
5022	119	34	149
5023	120	44	172
5024	116	55	163
5025	117	60	137
5026	115	64	165
5027	115	64	159
5028	116	62	139
5029	115	66	144
5030	116	72	158
5031	121	84	163
5032	122	87	153
5033	121	86	146
5034	120	85	146
5035	117	87	159
5036	108	90	158
5037	100	90	116
5038	97	89	134
5039	94	88	133
5040	88	86	150
5041	86	85	137
5042	86	86	144
5043	85	85	148
5044	86	86	136
5045	86	87	145
5046	85	88	143
5047	85	89	130
5048	85	89	126
5049	85	90	143
5050	86	88	118
5051	83	87	147
5052	82	86	146
5053	82	86	137
5054	82	87	134
5055	82	87	139
5056	82	87	138
5057	83	88	127
5058	83	89	126
5059	83	89	130
5060	83	89	133
5061	83	89	128
5062	83	88	125
5063	83	88	132
5064	84	88	130
5065	83	88	134
5066	84	88	126
5067	84	88	125
5068	83	89	123
5069	83	89	128
5070	82	89	136
5071	82	89	136
5072	82	89	138
5073	82	89	127
5074	81	89	129
5075	79	91	141
5076	78	90	142
5077	79	90	141
5078	78	90	139
5079	75	89	152
5080	72	88	132
5081	72	88	134
5082	70	86	152
5083	68	81	138
5084	65	74	147
5085	65	71	132
5086	67	70	161
5087	68	69	163
5088	69	68	145
5089	69	68	131
5090	69	68	131
5091	69	68	138
5092	68	69	156
5093	68	69	149
5094	69	67	143
5095	69	68	148
5096	69	68	143
5097	69	68	140
5098	69	68	139
5099	69	68	141
5100	68	69	149
5101	68	69	158
5102	68	69	153
5103	68	69	160
5104	68	70	157
5105	68	70	154
5106	70	74	153
5107	71	75	175
5108	72	78	170
5109	74	83	160
5110	74	84	166
5111	74	85	162
5112	74	85	156
5113	78	86	148
5114	83	88	144
5115	85	88	126
5116	85	86	137
5117	87	86	121
5118	87	86	110
5119	88	84	92
5120	89	83	86
5121	89	83	80
5122	89	82	76
5123	89	82	74
5124	88	84	117
5125	87	87	115
5126	87	86	141
5127	83	84	152
5128	79	82	155
5129	73	81	160
5130	69	75	161
5131	66	70	145
5132	66	70	139
5133	67	70	137
5134	66	70	137
5135	66	69	147
5136	67	69	136
5137	66	69	139
5138	65	70	112
5139	65	70	109
5140	68	72	122
5141	68	71	137
5142	68	71	134
5143	67	70	134
5144	67	70	138
5145	67	70	137
5146	67	70	138
5147	66	70	142
5148	67	71	129
5149	67	71	130
5150	67	71	124
5151	67	71	123
5152	68	70	135
5153	69	69	145
5154	69	69	149
5155	69	69	146
5156	69	69	147
5157	69	69	144
5158	69	68	139
5159	69	68	145
5160	68	70	143
5161	67	70	141
5162	66	69	140
5163	66	69	143
5164	67	69	147
5165	66	69	151
5166	66	69	144
5167	66	70	135
5168	66	71	139
5169	65	73	162
5170	64	76	155
5171	61	82	152
5172	56	87	153
5173	52	88	148
5174	50	89	148
5175	50	90	155
5176	50	89	140
5177	50	89	155
5178	50	90	152
5179	50	88	152
5180	50	88	149
5181	50	88	150
5182	50	88	150
5183	50	88	151
5184	50	88	143
5185	50	87	149
5186	50	87	158
5187	50	87	151
5188	49	86	145
5189	49	87	145
5190	49	87	148
5191	50	87	155
5192	51	87	145
5193	51	88	148
5194	50	88	147
5195	50	87	144
5196	51	86	151
5197	51	84	154
5198	51	83	138
5199	54	83	155
5200	57	83	163
5201	61	81	149
5202	64	81	126
5203	67	81	135
5204	69	81	133
5205	70	81	145
5206	70	81	148
5207	70	81	156
5208	70	82	151
5209	70	82	151
5210	70	81	153
5211	70	82	161
5212	70	82	160
5213	70	81	155
5214	70	81	152
5215	70	81	153
5216	70	81	153
5217	70	81	141
5218	71	81	146
5219	71	82	152
5220	70	81	166
5221	72	82	175
5222	72	82	174
5223	75	83	166
5224	78	83	166
5225	82	84	148
5226	83	84	144
5227	84	85	150
5228	83	84	161
5229	84	84	155
5230	83	85	150
5231	83	85	147
5232	83	85	150
5233	83	85	148
5234	83	84	140
5235	83	84	136
5236	83	84	135
5237	83	84	138
5238	83	84	137
5239	84	84	153
5240	84	84	145
5241	83	84	148
5242	83	84	144
5243	83	84	148
5244	83	85	150
5245	85	85	155
5246	86	87	143
5247	86	87	145
5248	85	89	149
5249	84	89	152
5250	82	91	156
5251	80	92	153
5252	80	93	158
5253	80	92	139
5254	80	92	139
5255	81	92	139
5256	80	91	134
5257	80	91	136
5258	80	91	132
5259	80	90	133
5260	80	91	134
5261	80	91	132
5262	80	90	143
5263	79	89	165
5264	79	89	163
5265	79	89	159
5266	79	89	156
5267	79	89	155
5268	79	88	159
5269	79	89	141
5270	78	89	149
5271	78	88	156
5272	78	89	156
5273	78	88	159
5274	78	88	169
5275	78	89	169
5276	75	91	164
5277	72	90	134
5278	67	87	153
5279	66	84	139
5280	64	85	143
5281	64	84	122
5282	64	82	119
5283	65	84	135
5284	65	84	141
5285	65	82	137
5286	65	77	161
5287	66	70	126
5288	67	68	106
5289	65	62	118
5290	66	50	113
5291	66	37	133
5292	67	29	143
5293	70	27	156
5294	71	27	159
5295	74	23	128
5296	79	20	132
5297	79	20	124
5298	79	20	127
5299	80	19	139
5300	80	19	142
5301	79	19	144
5302	79	19	145
5303	81	17	173
5304	81	17	168
5305	81	17	170
5306	80	17	164
5307	78	19	136
5308	76	17	148
5309	75	16	157
5310	74	15	155
5311	74	15	148
5312	71	14	154
5313	63	14	170
5314	59	14	157
5315	55	13	89
5315	65	15	66	f
5316	60	14	148
5317	61	15	149
5318	60	15	147
5319	60	15	154
5320	60	15	147
5321	60	15	148
5322	60	15	141
5323	60	15	157
5324	56	16	77
5324	65	14	66	f
5325	56	17	82
5325	65	14	66	f
5326	56	16	77
5326	65	14	66	f
5327	61	15	143
5328	60	15	144
5329	56	16	72
5329	64	14	65	f
5330	56	15	71
5330	64	14	65	f
5331	60	15	150
5332	60	15	150
5333	60	15	147
5334	60	15	147
5335	60	14	140
5336	60	15	145
5337	60	15	150
5338	60	15	151
5339	60	14	149
5340	60	14	147
5341	60	14	146
5342	60	15	144
5343	60	14	144
5344	60	15	152
5345	60	14	149
5346	60	14	144
5347	60	15	150
5348	60	14	137
5349	55	14	72
5349	65	14	66	f
5350	60	14	150
5351	55	14	76
5351	64	14	65	f
5352	55	14	75
5352	64	14	65	f
5353	60	14	150
5354	59	14	164
5355	60	14	149
5356	60	14	153
5357	60	14	160
5358	60	14	157
5359	60	14	152
5360	60	14	161
5361	60	14	161
5362	60	14	156
5363	60	14	159
5364	60	14	152
5365	60	14	158
5366	60	14	155
5367	59	14	155
5368	59	14	157
5369	60	14	158
5370	60	14	147
5371	60	14	158
5372	59	14	160
5373	60	14	143
5374	61	14	140
5375	60	14	142
5376	60	14	142
5377	60	14	143
5378	60	14	148
5379	60	14	148
5380	60	14	146
5381	60	14	148
5382	55	15	75
5382	64	14	66	f
5383	55	14	74
5383	64	14	66	f
5384	60	14	151
5385	60	14	151
5386	60	14	151
5387	60	14	149
5388	60	14	149
5389	60	14	148
5390	60	14	145
5391	59	14	149
5392	61	14	142
5393	60	14	153
5394	60	14	146
5395	60	14	153
5396	60	14	150
5397	60	14	147
5398	65	14	69
5398	56	14	65	f
5399	55	15	72
5399	65	14	68	f
5400	60	15	148
5401	55	16	74
5401	65	14	69	f
5402	60	14	147
5403	56	16	73
5403	65	14	69	f
5404	60	14	142
5405	60	14	144
5406	60	14	147
5407	60	14	151
5408	60	14	150
5409	60	14	149
5410	60	14	149
5411	60	14	157
5412	61	14	146
5413	60	14	156
5414	60	14	151
5415	60	14	154
5416	60	14	152
5417	61	14	154
5418	60	15	152
5419	60	14	151
5420	60	14	148
5421	60	14	149
5422	60	14	148
5423	60	14	144
5424	60	14	148
5425	60	14	147
5426	60	14	147
5427	60	14	147
5428	60	14	147
5429	60	14	147
5430	60	14	147
5431	60	14	149
5432	60	14	152
5433	60	14	151
5434	60	14	151
5435	60	14	149
5436	61	14	151
5437	60	14	147
5438	60	14	151
5439	60	14	149
5440	60	14	150
5441	60	14	150
5442	60	14	155
5443	60	15	153
5444	60	14	147
5445	60	14	149
5446	60	14	148
5447	60	14	149
5448	60	14	149
5449	60	14	149
5450	60	14	150
5451	61	14	156
5452	61	14	147
5453	60	14	144
5454	60	14	148
5455	60	14	150
5456	60	14	147
5457	60	14	158
5458	61	14	146
5459	61	14	146
5460	60	14	148
5461	60	14	151
5462	60	14	151
5463	60	15	156
5464	60	15	155
5465	60	14	141
5466	55	16	75
5466	65	14	70	f
5467	56	17	78
5467	65	14	70	f
5468	60	15	140
5469	60	15	144
5470	55	16	72
5470	65	14	68	f
5471	56	16	71
5471	65	14	69	f
5472	60	15	148
5473	55	16	72
5473	65	14	69	f
5474	55	16	73
5474	65	14	68	f
5475	60	15	139
5476	60	15	150
5477	60	15	149
5478	60	15	150
5479	55	16	73
5479	65	14	70	f
5480	65	14	74
5480	55	16	72	f
5481	60	15	149
5482	60	15	143
5483	60	15	143
5484	60	15	145
5485	60	15	149
5486	55	16	71
5486	65	14	69	f
5487	60	15	146
5488	60	14	147
5489	60	14	151
5490	60	14	148
5491	60	15	155
5492	60	15	148
5493	60	15	155
5494	60	14	150
5495	60	15	151
5496	60	15	154
5497	60	15	156
5498	60	15	151
5499	60	15	144
5500	60	14	145
5501	65	14	69
5501	55	15	65	f
5502	60	15	153
5503	60	15	152
5504	60	15	156
5505	60	15	156
5506	60	15	156
5507	60	15	142
5508	60	15	149
5509	60	14	153
5510	60	14	151
5511	60	14	151
5512	60	14	152
5513	60	15	153
5514	60	14	156
5515	60	14	150
5516	60	14	150
5517	60	14	148
5518	55	16	73
5518	65	14	69	f
5519	60	14	153
5520	60	14	149
5521	60	14	146
5522	60	14	149
5523	60	14	149
5524	60	14	149
5525	60	14	149
5526	60	14	148
5527	60	14	149
5528	60	14	149
5529	60	14	149
5530	60	14	150
5531	60	14	154
5532	60	15	150
5533	60	15	149
5534	60	15	153
5535	60	15	154
5536	60	15	154
5537	60	15	154
5538	60	15	154
5539	60	15	154
5540	60	15	154
5541	60	15	154
5542	60	15	154
5543	60	15	154
5544	60	15	154
5545	60	15	151
5546	60	15	150
5547	60	15	155
5548	55	16	75
5548	65	14	69	f
5549	60	14	139
5550	55	15	73
5550	65	14	69	f
5551	60	15	147
5552	60	15	149
5553	56	16	74
5553	65	14	70	f
5554	60	15	150
5555	60	15	153
5556	60	15	155
5557	60	15	154
5558	55	16	79
5558	65	14	70	f
5559	60	15	156
5560	60	15	154
5561	60	15	154
5562	60	15	154
5563	60	15	151
5564	60	15	150
5565	60	15	148
5566	60	15	153
5567	60	15	152
5568	60	15	151
5569	55	16	73
5569	65	14	68	f
5570	60	15	149
5571	60	15	142
5572	60	15	144
5573	60	15	148
5574	55	16	75
5574	65	14	69	f
5575	65	14	70
5575	56	16	70	f
5576	60	14	147
5577	60	14	144
5578	60	15	153
5579	60	15	153
5580	60	15	154
5581	60	15	154
5582	60	15	155
5583	60	15	155
5584	60	14	147
5585	60	15	141
5586	60	15	151
5587	60	15	152
5588	60	15	155
5589	60	15	155
5590	60	15	155
5591	60	15	155
5592	60	15	154
5593	60	15	152
5594	60	15	155
5595	60	15	155
5596	60	15	154
5597	60	15	150
5598	60	15	144
5599	60	14	141
5600	60	15	146
5601	60	15	151
5602	60	15	151
5603	60	15	151
5604	60	15	151
5605	60	15	152
5606	60	15	150
5607	60	15	157
5608	60	15	151
5609	60	15	145
5610	65	14	74
5610	56	17	71	f
5611	61	15	141
5612	57	19	80
5612	65	13	71	f
5613	62	17	141
5614	64	16	131
5615	68	21	150
5616	69	25	167
5617	70	31	161
5618	70	41	168
5619	69	49	139
5620	70	51	142
5621	69	52	125
5622	69	51	122
5623	69	51	124
5624	68	51	127
5625	68	51	124
5626	67	51	120
5627	68	51	121
5628	68	51	118
5629	68	51	127
5630	69	53	115
5631	69	54	101
5632	69	54	104
5633	70	50	142
5634	70	44	152
5635	68	38	149
5636	66	32	133
5637	64	26	137
5638	60	22	150
5639	57	19	127
5640	57	19	134
5641	56	17	124
5642	56	19	101
5643	56	20	111
5644	55	19	104
5645	52	19	137
5646	49	19	134
5647	44	20	138
5648	41	21	110
5649	41	21	119
5650	38	22	97
5651	34	23	45
5652	34	23	NP
